1001
0 0 0 0
1 0.005 0 0
2 0.01 0 0
3 0.015 0 0
4 0.02 0 0
5 0.025 0 0
6 0.03 0 0
7 0.035 0 0
8 0.04 0 0
9 0.045 0 0
10 0.05 0 0
11 0.055 0 0
12 0.06 0 0
13 0.065 0 0
14 0.07 0 0
15 0.075 0 0
16 0.08 0 0
17 0.085 0 0
18 0.09 0 0
19 0.095 0 0
20 0.1 0 0
21 0.105 0 0
22 0.11 0 0
23 0.115 0 0
24 0.12 0 0
25 0.125 0 0
26 0.13 0 0
27 0.135 0 0
28 0.14 0 0
29 0.145 0 0
30 0.15 0 0
31 0.155 0 0
32 0.16 0 0
33 0.165 0 0
34 0.17 0 0
35 0.175 0 0
36 0.18 0 0
37 0.185 0 0
38 0.19 0 0
39 0.195 0 0
40 0.2 0 0
41 0.205 0 0
42 0.21 0 0
43 0.215 0 0
44 0.22 0 0
45 0.225 0 0
46 0.23 0 0
47 0.235 0 0
48 0.24 0 0
49 0.245 0 0
50 0.25 0 0
51 0.255 0 0
52 0.26 0 0
53 0.265 0 0
54 0.27 0 0
55 0.275 0 0
56 0.28 0 0
57 0.285 0 0
58 0.29 0 0
59 0.295 0 0
60 0.3 0 0
61 0.305 0 0
62 0.31 0 0
63 0.315 0 0
64 0.32 0 0
65 0.325 0 0
66 0.33 0 0
67 0.335 0 0
68 0.34 0 0
69 0.345 0 0
70 0.35 0 0
71 0.355 0 0
72 0.36 0 0
73 0.365 0 0
74 0.37 0 0
75 0.375 0 0
76 0.38 0 0
77 0.385 0 0
78 0.39 0 0
79 0.395 0 0
80 0.4 0 0
81 0.405 0 0
82 0.41 0 0
83 0.415 0 0
84 0.42 0 0
85 0.425 0 0
86 0.43 0 0
87 0.435 0 0
88 0.44 0 0
89 0.445 0 0
90 0.45 0 0
91 0.455 0 0
92 0.46 0 0
93 0.465 0 0
94 0.47 0 0
95 0.475 0 0
96 0.48 0 0
97 0.485 0 0
98 0.49 0 0
99 0.495 0 0
100 0.5 0 0
101 0.505 0 0
102 0.51 0 0
103 0.515 0 0
104 0.52 0 0
105 0.525 0 0
106 0.53 0 0
107 0.535 0 0
108 0.54 0 0
109 0.545 0 0
110 0.55 0 0
111 0.555 0 0
112 0.56 0 0
113 0.565 0 0
114 0.57 0 0
115 0.575 0 0
116 0.58 0 0
117 0.585 0 0
118 0.59 0 0
119 0.595 0 0
120 0.6 0 0
121 0.605 0 0
122 0.61 0 0
123 0.615 0 0
124 0.62 0 0
125 0.625 0 0
126 0.63 0 0
127 0.635 0 0
128 0.64 0 0
129 0.645 0 0
130 0.65 0 0
131 0.655 0 0
132 0.66 0 0
133 0.665 0 0
134 0.67 0 0
135 0.675 0 0
136 0.68 0 0
137 0.685 0 0
138 0.69 0 0
139 0.695 0 0
140 0.7 0 0
141 0.705 0 0
142 0.71 0 0
143 0.715 0 0
144 0.72 0 0
145 0.725 0 0
146 0.73 0 0
147 0.735 0 0
148 0.74 0 0
149 0.745 0 0
150 0.75 0 0
151 0.755 0 0
152 0.76 0 0
153 0.765 0 0
154 0.77 0 0
155 0.775 0 0
156 0.78 0 0
157 0.785 0 0
158 0.79 0 0
159 0.795 0 0
160 0.8 0 0
161 0.805 0 0
162 0.81 0 0
163 0.815 0 0
164 0.82 0 0
165 0.825 0 0
166 0.83 0 0
167 0.835 0 0
168 0.84 0 0
169 0.845 0 0
170 0.85 0 0
171 0.855 0 0
172 0.86 0 0
173 0.865 0 0
174 0.87 0 0
175 0.875 0 0
176 0.88 0 0
177 0.885 0 0
178 0.89 0 0
179 0.895 0 0
180 0.9 0 0
181 0.905 0 0
182 0.91 0 0
183 0.915 0 0
184 0.92 0 0
185 0.925 0 0
186 0.93 0 0
187 0.935 0 0
188 0.94 0 0
189 0.945 0 0
190 0.95 0 0
191 0.955 0 0
192 0.96 0 0
193 0.965 0 0
194 0.97 0 0
195 0.975 0 0
196 0.98 0 0
197 0.985 0 0
198 0.99 0 0
199 0.995 0 0
200 1 0 0
201 1.005 0 0
202 1.01 0 0
203 1.015 0 0
204 1.02 0 0
205 1.025 0 0
206 1.03 0 0
207 1.035 0 0
208 1.04 0 0
209 1.045 0 0
210 1.05 0 0
211 1.055 0 0
212 1.06 0 0
213 1.065 0 0
214 1.07 0 0
215 1.075 0 0
216 1.08 0 0
217 1.085 0 0
218 1.09 0 0
219 1.095 0 0
220 1.1 0 0
221 1.105 0 0
222 1.11 0 0
223 1.115 0 0
224 1.12 0 0
225 1.125 0 0
226 1.13 0 0
227 1.135 0 0
228 1.14 0 0
229 1.145 0 0
230 1.15 0 0
231 1.155 0 0
232 1.16 0 0
233 1.165 0 0
234 1.17 0 0
235 1.175 0 0
236 1.18 0 0
237 1.185 0 0
238 1.19 0 0
239 1.195 0 0
240 1.2 0 0
241 1.205 0 0
242 1.21 0 0
243 1.215 0 0
244 1.22 0 0
245 1.225 0 0
246 1.23 0 0
247 1.235 0 0
248 1.24 0 0
249 1.245 0 0
250 1.25 0 0
251 1.255 0 0
252 1.26 0 0
253 1.265 0 0
254 1.27 0 0
255 1.275 0 0
256 1.28 0 0
257 1.285 0 0
258 1.29 0 0
259 1.295 0 0
260 1.3 0 0
261 1.305 0 0
262 1.31 0 0
263 1.315 0 0
264 1.32 0 0
265 1.325 0 0
266 1.33 0 0
267 1.335 0 0
268 1.34 0 0
269 1.345 0 0
270 1.35 0 0
271 1.355 0 0
272 1.36 0 0
273 1.365 0 0
274 1.37 0 0
275 1.375 0 0
276 1.38 0 0
277 1.385 0 0
278 1.39 0 0
279 1.395 0 0
280 1.4 0 0
281 1.405 0 0
282 1.41 0 0
283 1.415 0 0
284 1.42 0 0
285 1.425 0 0
286 1.43 0 0
287 1.435 0 0
288 1.44 0 0
289 1.445 0 0
290 1.45 0 0
291 1.455 0 0
292 1.46 0 0
293 1.465 0 0
294 1.47 0 0
295 1.475 0 0
296 1.48 0 0
297 1.485 0 0
298 1.49 0 0
299 1.495 0 0
300 1.5 0 0
301 1.505 0 0
302 1.51 0 0
303 1.515 0 0
304 1.52 0 0
305 1.525 0 0
306 1.53 0 0
307 1.535 0 0
308 1.54 0 0
309 1.545 0 0
310 1.55 0 0
311 1.555 0 0
312 1.56 0 0
313 1.565 0 0
314 1.57 0 0
315 1.575 0 0
316 1.58 0 0
317 1.585 0 0
318 1.59 0 0
319 1.595 0 0
320 1.6 0 0
321 1.605 0 0
322 1.61 0 0
323 1.615 0 0
324 1.62 0 0
325 1.625 0 0
326 1.63 0 0
327 1.635 0 0
328 1.64 0 0
329 1.645 0 0
330 1.65 0 0
331 1.655 0 0
332 1.66 0 0
333 1.665 0 0
334 1.67 0 0
335 1.675 0 0
336 1.68 0 0
337 1.685 0 0
338 1.69 0 0
339 1.695 0 0
340 1.7 0 0
341 1.705 0 0
342 1.71 0 0
343 1.715 0 0
344 1.72 0 0
345 1.725 0 0
346 1.73 0 0
347 1.735 0 0
348 1.74 0 0
349 1.745 0 0
350 1.75 0 0
351 1.755 0 0
352 1.76 0 0
353 1.765 0 0
354 1.77 0 0
355 1.775 0 0
356 1.78 0 0
357 1.785 0 0
358 1.79 0 0
359 1.795 0 0
360 1.8 0 0
361 1.805 0 0
362 1.81 0 0
363 1.815 0 0
364 1.82 0 0
365 1.825 0 0
366 1.83 0 0
367 1.835 0 0
368 1.84 0 0
369 1.845 0 0
370 1.85 0 0
371 1.855 0 0
372 1.86 0 0
373 1.865 0 0
374 1.87 0 0
375 1.875 0 0
376 1.88 0 0
377 1.885 0 0
378 1.89 0 0
379 1.895 0 0
380 1.9 0 0
381 1.905 0 0
382 1.91 0 0
383 1.915 0 0
384 1.92 0 0
385 1.925 0 0
386 1.93 0 0
387 1.935 0 0
388 1.94 0 0
389 1.945 0 0
390 1.95 0 0
391 1.955 0 0
392 1.96 0 0
393 1.965 0 0
394 1.97 0 0
395 1.975 0 0
396 1.98 0 0
397 1.985 0 0
398 1.99 0 0
399 1.995 0 0
400 2 0 0
401 2.005 0 0
402 2.01 0 0
403 2.015 0 0
404 2.02 0 0
405 2.025 0 0
406 2.03 0 0
407 2.035 0 0
408 2.04 0 0
409 2.045 0 0
410 2.05 0 0
411 2.055 0 0
412 2.06 0 0
413 2.065 0 0
414 2.07 0 0
415 2.075 0 0
416 2.08 0 0
417 2.085 0 0
418 2.09 0 0
419 2.095 0 0
420 2.1 0 0
421 2.105 0 0
422 2.11 0 0
423 2.115 0 0
424 2.12 0 0
425 2.125 0 0
426 2.13 0 0
427 2.135 0 0
428 2.14 0 0
429 2.145 0 0
430 2.15 0 0
431 2.155 0 0
432 2.16 0 0
433 2.165 0 0
434 2.17 0 0
435 2.175 0 0
436 2.18 0 0
437 2.185 0 0
438 2.19 0 0
439 2.195 0 0
440 2.2 0 0
441 2.205 0 0
442 2.21 0 0
443 2.215 0 0
444 2.22 0 0
445 2.225 0 0
446 2.23 0 0
447 2.235 0 0
448 2.24 0 0
449 2.245 0 0
450 2.25 0 0
451 2.255 0 0
452 2.26 0 0
453 2.265 0 0
454 2.27 0 0
455 2.275 0 0
456 2.28 0 0
457 2.285 0 0
458 2.29 0 0
459 2.295 0 0
460 2.3 0 0
461 2.305 0 0
462 2.31 0 0
463 2.315 0 0
464 2.32 0 0
465 2.325 0 0
466 2.33 0 0
467 2.335 0 0
468 2.34 0 0
469 2.345 0 0
470 2.35 0 0
471 2.355 0 0
472 2.36 0 0
473 2.365 0 0
474 2.37 0 0
475 2.375 0 0
476 2.38 0 0
477 2.385 0 0
478 2.39 0 0
479 2.395 0 0
480 2.4 0 0
481 2.405 0 0
482 2.41 0 0
483 2.415 0 0
484 2.42 0 0
485 2.425 0 0
486 2.43 0 0
487 2.435 0 0
488 2.44 0 0
489 2.445 0 0
490 2.45 0 0
491 2.455 0 0
492 2.46 0 0
493 2.465 0 0
494 2.47 0 0
495 2.475 0 0
496 2.48 0 0
497 2.485 0 0
498 2.49 0 0
499 2.495 0 0
500 2.5 0 0
501 2.505 0 0
502 2.51 0 0
503 2.515 0 0
504 2.52 0 0
505 2.525 0 0
506 2.53 0 0
507 2.535 0 0
508 2.54 0 0
509 2.545 0 0
510 2.55 0 0
511 2.555 0 0
512 2.56 0 0
513 2.565 0 0
514 2.57 0 0
515 2.575 0 0
516 2.58 0 0
517 2.585 0 0
518 2.59 0 0
519 2.595 0 0
520 2.6 0 0
521 2.605 0 0
522 2.61 0 0
523 2.615 0 0
524 2.62 0 0
525 2.625 0 0
526 2.63 0 0
527 2.635 0 0
528 2.64 0 0
529 2.645 0 0
530 2.65 0 0
531 2.655 0 0
532 2.66 0 0
533 2.665 0 0
534 2.67 0 0
535 2.675 0 0
536 2.68 0 0
537 2.685 0 0
538 2.69 0 0
539 2.695 0 0
540 2.7 0 0
541 2.705 0 0
542 2.71 0 0
543 2.715 0 0
544 2.72 0 0
545 2.725 0 0
546 2.73 0 0
547 2.735 0 0
548 2.74 0 0
549 2.745 0 0
550 2.75 0 0
551 2.755 0 0
552 2.76 0 0
553 2.765 0 0
554 2.77 0 0
555 2.775 0 0
556 2.78 0 0
557 2.785 0 0
558 2.79 0 0
559 2.795 0 0
560 2.8 0 0
561 2.805 0 0
562 2.81 0 0
563 2.815 0 0
564 2.82 0 0
565 2.825 0 0
566 2.83 0 0
567 2.835 0 0
568 2.84 0 0
569 2.845 0 0
570 2.85 0 0
571 2.855 0 0
572 2.86 0 0
573 2.865 0 0
574 2.87 0 0
575 2.875 0 0
576 2.88 0 0
577 2.885 0 0
578 2.89 0 0
579 2.895 0 0
580 2.9 0 0
581 2.905 0 0
582 2.91 0 0
583 2.915 0 0
584 2.92 0 0
585 2.925 0 0
586 2.93 0 0
587 2.935 0 0
588 2.94 0 0
589 2.945 0 0
590 2.95 0 0
591 2.955 0 0
592 2.96 0 0
593 2.965 0 0
594 2.97 0 0
595 2.975 0 0
596 2.98 0 0
597 2.985 0 0
598 2.99 0 0
599 2.995 0 0
600 3 0 0
601 3.005 0 0
602 3.01 0 0
603 3.015 0 0
604 3.02 0 0
605 3.025 0 0
606 3.03 0 0
607 3.035 0 0
608 3.04 0 0
609 3.045 0 0
610 3.05 0 0
611 3.055 0 0
612 3.06 0 0
613 3.065 0 0
614 3.07 0 0
615 3.075 0 0
616 3.08 0 0
617 3.085 0 0
618 3.09 0 0
619 3.095 0 0
620 3.1 0 0
621 3.105 0 0
622 3.11 0 0
623 3.115 0 0
624 3.12 0 0
625 3.125 0 0
626 3.13 0 0
627 3.135 0 0
628 3.14 0 0
629 3.145 0 0
630 3.15 0 0
631 3.155 0 0
632 3.16 0 0
633 3.165 0 0
634 3.17 0 0
635 3.175 0 0
636 3.18 0 0
637 3.185 0 0
638 3.19 0 0
639 3.195 0 0
640 3.2 0 0
641 3.205 0 0
642 3.21 0 0
643 3.215 0 0
644 3.22 0 0
645 3.225 0 0
646 3.23 0 0
647 3.235 0 0
648 3.24 0 0
649 3.245 0 0
650 3.25 0 0
651 3.255 0 0
652 3.26 0 0
653 3.265 0 0
654 3.27 0 0
655 3.275 0 0
656 3.28 0 0
657 3.285 0 0
658 3.29 0 0
659 3.295 0 0
660 3.3 0 0
661 3.305 0 0
662 3.31 0 0
663 3.315 0 0
664 3.32 0 0
665 3.325 0 0
666 3.33 0 0
667 3.335 0 0
668 3.34 0 0
669 3.345 0 0
670 3.35 0 0
671 3.355 0 0
672 3.36 0 0
673 3.365 0 0
674 3.37 0 0
675 3.375 0 0
676 3.38 0 0
677 3.385 0 0
678 3.39 0 0
679 3.395 0 0
680 3.4 0 0
681 3.405 0 0
682 3.41 0 0
683 3.415 0 0
684 3.42 0 0
685 3.425 0 0
686 3.43 0 0
687 3.435 0 0
688 3.44 0 0
689 3.445 0 0
690 3.45 0 0
691 3.455 0 0
692 3.46 0 0
693 3.465 0 0
694 3.47 0 0
695 3.475 0 0
696 3.48 0 0
697 3.485 0 0
698 3.49 0 0
699 3.495 0 0
700 3.5 0 0
701 3.505 0 0
702 3.51 0 0
703 3.515 0 0
704 3.52 0 0
705 3.525 0 0
706 3.53 0 0
707 3.535 0 0
708 3.54 0 0
709 3.545 0 0
710 3.55 0 0
711 3.555 0 0
712 3.56 0 0
713 3.565 0 0
714 3.57 0 0
715 3.575 0 0
716 3.58 0 0
717 3.585 0 0
718 3.59 0 0
719 3.595 0 0
720 3.6 0 0
721 3.605 0 0
722 3.61 0 0
723 3.615 0 0
724 3.62 0 0
725 3.625 0 0
726 3.63 0 0
727 3.635 0 0
728 3.64 0 0
729 3.645 0 0
730 3.65 0 0
731 3.655 0 0
732 3.66 0 0
733 3.665 0 0
734 3.67 0 0
735 3.675 0 0
736 3.68 0 0
737 3.685 0 0
738 3.69 0 0
739 3.695 0 0
740 3.7 0 0
741 3.705 0 0
742 3.71 0 0
743 3.715 0 0
744 3.72 0 0
745 3.725 0 0
746 3.73 0 0
747 3.735 0 0
748 3.74 0 0
749 3.745 0 0
750 3.75 0 0
751 3.755 0 0
752 3.76 0 0
753 3.765 0 0
754 3.77 0 0
755 3.775 0 0
756 3.78 0 0
757 3.785 0 0
758 3.79 0 0
759 3.795 0 0
760 3.8 0 0
761 3.805 0 0
762 3.81 0 0
763 3.815 0 0
764 3.82 0 0
765 3.825 0 0
766 3.83 0 0
767 3.835 0 0
768 3.84 0 0
769 3.845 0 0
770 3.85 0 0
771 3.855 0 0
772 3.86 0 0
773 3.865 0 0
774 3.87 0 0
775 3.875 0 0
776 3.88 0 0
777 3.885 0 0
778 3.89 0 0
779 3.895 0 0
780 3.9 0 0
781 3.905 0 0
782 3.91 0 0
783 3.915 0 0
784 3.92 0 0
785 3.925 0 0
786 3.93 0 0
787 3.935 0 0
788 3.94 0 0
789 3.945 0 0
790 3.95 0 0
791 3.955 0 0
792 3.96 0 0
793 3.965 0 0
794 3.97 0 0
795 3.975 0 0
796 3.98 0 0
797 3.985 0 0
798 3.99 0 0
799 3.995 0 0
800 4 0 0
801 4.005 0 0
802 4.01 0 0
803 4.015 0 0
804 4.02 0 0
805 4.025 0 0
806 4.03 0 0
807 4.035 0 0
808 4.04 0 0
809 4.045 0 0
810 4.05 0 0
811 4.055 0 0
812 4.06 0 0
813 4.065 0 0
814 4.07 0 0
815 4.075 0 0
816 4.08 0 0
817 4.085 0 0
818 4.09 0 0
819 4.095 0 0
820 4.1 0 0
821 4.105 0 0
822 4.11 0 0
823 4.115 0 0
824 4.12 0 0
825 4.125 0 0
826 4.13 0 0
827 4.135 0 0
828 4.14 0 0
829 4.145 0 0
830 4.15 0 0
831 4.155 0 0
832 4.16 0 0
833 4.165 0 0
834 4.17 0 0
835 4.175 0 0
836 4.18 0 0
837 4.185 0 0
838 4.19 0 0
839 4.195 0 0
840 4.2 0 0
841 4.205 0 0
842 4.21 0 0
843 4.215 0 0
844 4.22 0 0
845 4.225 0 0
846 4.23 0 0
847 4.235 0 0
848 4.24 0 0
849 4.245 0 0
850 4.25 0 0
851 4.255 0 0
852 4.26 0 0
853 4.265 0 0
854 4.27 0 0
855 4.275 0 0
856 4.28 0 0
857 4.285 0 0
858 4.29 0 0
859 4.295 0 0
860 4.3 0 0
861 4.305 0 0
862 4.31 0 0
863 4.315 0 0
864 4.32 0 0
865 4.325 0 0
866 4.33 0 0
867 4.335 0 0
868 4.34 0 0
869 4.345 0 0
870 4.35 0 0
871 4.355 0 0
872 4.36 0 0
873 4.365 0 0
874 4.37 0 0
875 4.375 0 0
876 4.38 0 0
877 4.385 0 0
878 4.39 0 0
879 4.395 0 0
880 4.4 0 0
881 4.405 0 0
882 4.41 0 0
883 4.415 0 0
884 4.42 0 0
885 4.425 0 0
886 4.43 0 0
887 4.435 0 0
888 4.44 0 0
889 4.445 0 0
890 4.45 0 0
891 4.455 0 0
892 4.46 0 0
893 4.465 0 0
894 4.47 0 0
895 4.475 0 0
896 4.48 0 0
897 4.485 0 0
898 4.49 0 0
899 4.495 0 0
900 4.5 0 0
901 4.505 0 0
902 4.51 0 0
903 4.515 0 0
904 4.52 0 0
905 4.525 0 0
906 4.53 0 0
907 4.535 0 0
908 4.54 0 0
909 4.545 0 0
910 4.55 0 0
911 4.555 0 0
912 4.56 0 0
913 4.565 0 0
914 4.57 0 0
915 4.575 0 0
916 4.58 0 0
917 4.585 0 0
918 4.59 0 0
919 4.595 0 0
920 4.6 0 0
921 4.605 0 0
922 4.61 0 0
923 4.615 0 0
924 4.62 0 0
925 4.625 0 0
926 4.63 0 0
927 4.635 0 0
928 4.64 0 0
929 4.645 0 0
930 4.65 0 0
931 4.655 0 0
932 4.66 0 0
933 4.665 0 0
934 4.67 0 0
935 4.675 0 0
936 4.68 0 0
937 4.685 0 0
938 4.69 0 0
939 4.695 0 0
940 4.7 0 0
941 4.705 0 0
942 4.71 0 0
943 4.715 0 0
944 4.72 0 0
945 4.725 0 0
946 4.73 0 0
947 4.735 0 0
948 4.74 0 0
949 4.745 0 0
950 4.75 0 0
951 4.755 0 0
952 4.76 0 0
953 4.765 0 0
954 4.77 0 0
955 4.775 0 0
956 4.78 0 0
957 4.785 0 0
958 4.79 0 0
959 4.795 0 0
960 4.8 0 0
961 4.805 0 0
962 4.81 0 0
963 4.815 0 0
964 4.82 0 0
965 4.825 0 0
966 4.83 0 0
967 4.835 0 0
968 4.84 0 0
969 4.845 0 0
970 4.85 0 0
971 4.855 0 0
972 4.86 0 0
973 4.865 0 0
974 4.87 0 0
975 4.875 0 0
976 4.88 0 0
977 4.885 0 0
978 4.89 0 0
979 4.895 0 0
980 4.9 0 0
981 4.905 0 0
982 4.91 0 0
983 4.915 0 0
984 4.92 0 0
985 4.925 0 0
986 4.93 0 0
987 4.935 0 0
988 4.94 0 0
989 4.945 0 0
990 4.95 0 0
991 4.955 0 0
992 4.96 0 0
993 4.965 0 0
994 4.97 0 0
995 4.975 0 0
996 4.98 0 0
997 4.985 0 0
998 4.99 0 0
999 4.995 0 0
1000 5 0 0
1001
0 3 0 0 1 
1 3 0 1 2 
2 3 0 2 3 
3 3 0 3 4 
4 3 0 4 5 
5 3 0 5 6 
6 3 0 6 7 
7 3 0 7 8 
8 3 0 8 9 
9 3 0 9 10 
10 3 0 10 11 
11 3 0 11 12 
12 3 0 12 13 
13 3 0 13 14 
14 3 0 14 15 
15 3 0 15 16 
16 3 0 16 17 
17 3 0 17 18 
18 3 0 18 19 
19 3 0 19 20 
20 3 0 20 21 
21 3 0 21 22 
22 3 0 22 23 
23 3 0 23 24 
24 3 0 24 25 
25 3 0 25 26 
26 3 0 26 27 
27 3 0 27 28 
28 3 0 28 29 
29 3 0 29 30 
30 3 0 30 31 
31 3 0 31 32 
32 3 0 32 33 
33 3 0 33 34 
34 3 0 34 35 
35 3 0 35 36 
36 3 0 36 37 
37 3 0 37 38 
38 3 0 38 39 
39 3 0 39 40 
40 3 0 40 41 
41 3 0 41 42 
42 3 0 42 43 
43 3 0 43 44 
44 3 0 44 45 
45 3 0 45 46 
46 3 0 46 47 
47 3 0 47 48 
48 3 0 48 49 
49 3 0 49 50 
50 3 0 50 51 
51 3 0 51 52 
52 3 0 52 53 
53 3 0 53 54 
54 3 0 54 55 
55 3 0 55 56 
56 3 0 56 57 
57 3 0 57 58 
58 3 0 58 59 
59 3 0 59 60 
60 3 0 60 61 
61 3 0 61 62 
62 3 0 62 63 
63 3 0 63 64 
64 3 0 64 65 
65 3 0 65 66 
66 3 0 66 67 
67 3 0 67 68 
68 3 0 68 69 
69 3 0 69 70 
70 3 0 70 71 
71 3 0 71 72 
72 3 0 72 73 
73 3 0 73 74 
74 3 0 74 75 
75 3 0 75 76 
76 3 0 76 77 
77 3 0 77 78 
78 3 0 78 79 
79 3 0 79 80 
80 3 0 80 81 
81 3 0 81 82 
82 3 0 82 83 
83 3 0 83 84 
84 3 0 84 85 
85 3 0 85 86 
86 3 0 86 87 
87 3 0 87 88 
88 3 0 88 89 
89 3 0 89 90 
90 3 0 90 91 
91 3 0 91 92 
92 3 0 92 93 
93 3 0 93 94 
94 3 0 94 95 
95 3 0 95 96 
96 3 0 96 97 
97 3 0 97 98 
98 3 0 98 99 
99 3 0 99 100 
100 3 0 100 101 
101 3 0 101 102 
102 3 0 102 103 
103 3 0 103 104 
104 3 0 104 105 
105 3 0 105 106 
106 3 0 106 107 
107 3 0 107 108 
108 3 0 108 109 
109 3 0 109 110 
110 3 0 110 111 
111 3 0 111 112 
112 3 0 112 113 
113 3 0 113 114 
114 3 0 114 115 
115 3 0 115 116 
116 3 0 116 117 
117 3 0 117 118 
118 3 0 118 119 
119 3 0 119 120 
120 3 0 120 121 
121 3 0 121 122 
122 3 0 122 123 
123 3 0 123 124 
124 3 0 124 125 
125 3 0 125 126 
126 3 0 126 127 
127 3 0 127 128 
128 3 0 128 129 
129 3 0 129 130 
130 3 0 130 131 
131 3 0 131 132 
132 3 0 132 133 
133 3 0 133 134 
134 3 0 134 135 
135 3 0 135 136 
136 3 0 136 137 
137 3 0 137 138 
138 3 0 138 139 
139 3 0 139 140 
140 3 0 140 141 
141 3 0 141 142 
142 3 0 142 143 
143 3 0 143 144 
144 3 0 144 145 
145 3 0 145 146 
146 3 0 146 147 
147 3 0 147 148 
148 3 0 148 149 
149 3 0 149 150 
150 3 0 150 151 
151 3 0 151 152 
152 3 0 152 153 
153 3 0 153 154 
154 3 0 154 155 
155 3 0 155 156 
156 3 0 156 157 
157 3 0 157 158 
158 3 0 158 159 
159 3 0 159 160 
160 3 0 160 161 
161 3 0 161 162 
162 3 0 162 163 
163 3 0 163 164 
164 3 0 164 165 
165 3 0 165 166 
166 3 0 166 167 
167 3 0 167 168 
168 3 0 168 169 
169 3 0 169 170 
170 3 0 170 171 
171 3 0 171 172 
172 3 0 172 173 
173 3 0 173 174 
174 3 0 174 175 
175 3 0 175 176 
176 3 0 176 177 
177 3 0 177 178 
178 3 0 178 179 
179 3 0 179 180 
180 3 0 180 181 
181 3 0 181 182 
182 3 0 182 183 
183 3 0 183 184 
184 3 0 184 185 
185 3 0 185 186 
186 3 0 186 187 
187 3 0 187 188 
188 3 0 188 189 
189 3 0 189 190 
190 3 0 190 191 
191 3 0 191 192 
192 3 0 192 193 
193 3 0 193 194 
194 3 0 194 195 
195 3 0 195 196 
196 3 0 196 197 
197 3 0 197 198 
198 3 0 198 199 
199 3 0 199 200 
200 3 0 200 201 
201 3 0 201 202 
202 3 0 202 203 
203 3 0 203 204 
204 3 0 204 205 
205 3 0 205 206 
206 3 0 206 207 
207 3 0 207 208 
208 3 0 208 209 
209 3 0 209 210 
210 3 0 210 211 
211 3 0 211 212 
212 3 0 212 213 
213 3 0 213 214 
214 3 0 214 215 
215 3 0 215 216 
216 3 0 216 217 
217 3 0 217 218 
218 3 0 218 219 
219 3 0 219 220 
220 3 0 220 221 
221 3 0 221 222 
222 3 0 222 223 
223 3 0 223 224 
224 3 0 224 225 
225 3 0 225 226 
226 3 0 226 227 
227 3 0 227 228 
228 3 0 228 229 
229 3 0 229 230 
230 3 0 230 231 
231 3 0 231 232 
232 3 0 232 233 
233 3 0 233 234 
234 3 0 234 235 
235 3 0 235 236 
236 3 0 236 237 
237 3 0 237 238 
238 3 0 238 239 
239 3 0 239 240 
240 3 0 240 241 
241 3 0 241 242 
242 3 0 242 243 
243 3 0 243 244 
244 3 0 244 245 
245 3 0 245 246 
246 3 0 246 247 
247 3 0 247 248 
248 3 0 248 249 
249 3 0 249 250 
250 3 0 250 251 
251 3 0 251 252 
252 3 0 252 253 
253 3 0 253 254 
254 3 0 254 255 
255 3 0 255 256 
256 3 0 256 257 
257 3 0 257 258 
258 3 0 258 259 
259 3 0 259 260 
260 3 0 260 261 
261 3 0 261 262 
262 3 0 262 263 
263 3 0 263 264 
264 3 0 264 265 
265 3 0 265 266 
266 3 0 266 267 
267 3 0 267 268 
268 3 0 268 269 
269 3 0 269 270 
270 3 0 270 271 
271 3 0 271 272 
272 3 0 272 273 
273 3 0 273 274 
274 3 0 274 275 
275 3 0 275 276 
276 3 0 276 277 
277 3 0 277 278 
278 3 0 278 279 
279 3 0 279 280 
280 3 0 280 281 
281 3 0 281 282 
282 3 0 282 283 
283 3 0 283 284 
284 3 0 284 285 
285 3 0 285 286 
286 3 0 286 287 
287 3 0 287 288 
288 3 0 288 289 
289 3 0 289 290 
290 3 0 290 291 
291 3 0 291 292 
292 3 0 292 293 
293 3 0 293 294 
294 3 0 294 295 
295 3 0 295 296 
296 3 0 296 297 
297 3 0 297 298 
298 3 0 298 299 
299 3 0 299 300 
300 3 0 300 301 
301 3 0 301 302 
302 3 0 302 303 
303 3 0 303 304 
304 3 0 304 305 
305 3 0 305 306 
306 3 0 306 307 
307 3 0 307 308 
308 3 0 308 309 
309 3 0 309 310 
310 3 0 310 311 
311 3 0 311 312 
312 3 0 312 313 
313 3 0 313 314 
314 3 0 314 315 
315 3 0 315 316 
316 3 0 316 317 
317 3 0 317 318 
318 3 0 318 319 
319 3 0 319 320 
320 3 0 320 321 
321 3 0 321 322 
322 3 0 322 323 
323 3 0 323 324 
324 3 0 324 325 
325 3 0 325 326 
326 3 0 326 327 
327 3 0 327 328 
328 3 0 328 329 
329 3 0 329 330 
330 3 0 330 331 
331 3 0 331 332 
332 3 0 332 333 
333 3 0 333 334 
334 3 0 334 335 
335 3 0 335 336 
336 3 0 336 337 
337 3 0 337 338 
338 3 0 338 339 
339 3 0 339 340 
340 3 0 340 341 
341 3 0 341 342 
342 3 0 342 343 
343 3 0 343 344 
344 3 0 344 345 
345 3 0 345 346 
346 3 0 346 347 
347 3 0 347 348 
348 3 0 348 349 
349 3 0 349 350 
350 3 0 350 351 
351 3 0 351 352 
352 3 0 352 353 
353 3 0 353 354 
354 3 0 354 355 
355 3 0 355 356 
356 3 0 356 357 
357 3 0 357 358 
358 3 0 358 359 
359 3 0 359 360 
360 3 0 360 361 
361 3 0 361 362 
362 3 0 362 363 
363 3 0 363 364 
364 3 0 364 365 
365 3 0 365 366 
366 3 0 366 367 
367 3 0 367 368 
368 3 0 368 369 
369 3 0 369 370 
370 3 0 370 371 
371 3 0 371 372 
372 3 0 372 373 
373 3 0 373 374 
374 3 0 374 375 
375 3 0 375 376 
376 3 0 376 377 
377 3 0 377 378 
378 3 0 378 379 
379 3 0 379 380 
380 3 0 380 381 
381 3 0 381 382 
382 3 0 382 383 
383 3 0 383 384 
384 3 0 384 385 
385 3 0 385 386 
386 3 0 386 387 
387 3 0 387 388 
388 3 0 388 389 
389 3 0 389 390 
390 3 0 390 391 
391 3 0 391 392 
392 3 0 392 393 
393 3 0 393 394 
394 3 0 394 395 
395 3 0 395 396 
396 3 0 396 397 
397 3 0 397 398 
398 3 0 398 399 
399 3 0 399 400 
400 3 0 400 401 
401 3 0 401 402 
402 3 0 402 403 
403 3 0 403 404 
404 3 0 404 405 
405 3 0 405 406 
406 3 0 406 407 
407 3 0 407 408 
408 3 0 408 409 
409 3 0 409 410 
410 3 0 410 411 
411 3 0 411 412 
412 3 0 412 413 
413 3 0 413 414 
414 3 0 414 415 
415 3 0 415 416 
416 3 0 416 417 
417 3 0 417 418 
418 3 0 418 419 
419 3 0 419 420 
420 3 0 420 421 
421 3 0 421 422 
422 3 0 422 423 
423 3 0 423 424 
424 3 0 424 425 
425 3 0 425 426 
426 3 0 426 427 
427 3 0 427 428 
428 3 0 428 429 
429 3 0 429 430 
430 3 0 430 431 
431 3 0 431 432 
432 3 0 432 433 
433 3 0 433 434 
434 3 0 434 435 
435 3 0 435 436 
436 3 0 436 437 
437 3 0 437 438 
438 3 0 438 439 
439 3 0 439 440 
440 3 0 440 441 
441 3 0 441 442 
442 3 0 442 443 
443 3 0 443 444 
444 3 0 444 445 
445 3 0 445 446 
446 3 0 446 447 
447 3 0 447 448 
448 3 0 448 449 
449 3 0 449 450 
450 3 0 450 451 
451 3 0 451 452 
452 3 0 452 453 
453 3 0 453 454 
454 3 0 454 455 
455 3 0 455 456 
456 3 0 456 457 
457 3 0 457 458 
458 3 0 458 459 
459 3 0 459 460 
460 3 0 460 461 
461 3 0 461 462 
462 3 0 462 463 
463 3 0 463 464 
464 3 0 464 465 
465 3 0 465 466 
466 3 0 466 467 
467 3 0 467 468 
468 3 0 468 469 
469 3 0 469 470 
470 3 0 470 471 
471 3 0 471 472 
472 3 0 472 473 
473 3 0 473 474 
474 3 0 474 475 
475 3 0 475 476 
476 3 0 476 477 
477 3 0 477 478 
478 3 0 478 479 
479 3 0 479 480 
480 3 0 480 481 
481 3 0 481 482 
482 3 0 482 483 
483 3 0 483 484 
484 3 0 484 485 
485 3 0 485 486 
486 3 0 486 487 
487 3 0 487 488 
488 3 0 488 489 
489 3 0 489 490 
490 3 0 490 491 
491 3 0 491 492 
492 3 0 492 493 
493 3 0 493 494 
494 3 0 494 495 
495 3 0 495 496 
496 3 0 496 497 
497 3 0 497 498 
498 3 0 498 499 
499 3 0 499 500 
500 3 0 500 501 
501 3 0 501 502 
502 3 0 502 503 
503 3 0 503 504 
504 3 0 504 505 
505 3 0 505 506 
506 3 0 506 507 
507 3 0 507 508 
508 3 0 508 509 
509 3 0 509 510 
510 3 0 510 511 
511 3 0 511 512 
512 3 0 512 513 
513 3 0 513 514 
514 3 0 514 515 
515 3 0 515 516 
516 3 0 516 517 
517 3 0 517 518 
518 3 0 518 519 
519 3 0 519 520 
520 3 0 520 521 
521 3 0 521 522 
522 3 0 522 523 
523 3 0 523 524 
524 3 0 524 525 
525 3 0 525 526 
526 3 0 526 527 
527 3 0 527 528 
528 3 0 528 529 
529 3 0 529 530 
530 3 0 530 531 
531 3 0 531 532 
532 3 0 532 533 
533 3 0 533 534 
534 3 0 534 535 
535 3 0 535 536 
536 3 0 536 537 
537 3 0 537 538 
538 3 0 538 539 
539 3 0 539 540 
540 3 0 540 541 
541 3 0 541 542 
542 3 0 542 543 
543 3 0 543 544 
544 3 0 544 545 
545 3 0 545 546 
546 3 0 546 547 
547 3 0 547 548 
548 3 0 548 549 
549 3 0 549 550 
550 3 0 550 551 
551 3 0 551 552 
552 3 0 552 553 
553 3 0 553 554 
554 3 0 554 555 
555 3 0 555 556 
556 3 0 556 557 
557 3 0 557 558 
558 3 0 558 559 
559 3 0 559 560 
560 3 0 560 561 
561 3 0 561 562 
562 3 0 562 563 
563 3 0 563 564 
564 3 0 564 565 
565 3 0 565 566 
566 3 0 566 567 
567 3 0 567 568 
568 3 0 568 569 
569 3 0 569 570 
570 3 0 570 571 
571 3 0 571 572 
572 3 0 572 573 
573 3 0 573 574 
574 3 0 574 575 
575 3 0 575 576 
576 3 0 576 577 
577 3 0 577 578 
578 3 0 578 579 
579 3 0 579 580 
580 3 0 580 581 
581 3 0 581 582 
582 3 0 582 583 
583 3 0 583 584 
584 3 0 584 585 
585 3 0 585 586 
586 3 0 586 587 
587 3 0 587 588 
588 3 0 588 589 
589 3 0 589 590 
590 3 0 590 591 
591 3 0 591 592 
592 3 0 592 593 
593 3 0 593 594 
594 3 0 594 595 
595 3 0 595 596 
596 3 0 596 597 
597 3 0 597 598 
598 3 0 598 599 
599 3 0 599 600 
600 3 0 600 601 
601 3 0 601 602 
602 3 0 602 603 
603 3 0 603 604 
604 3 0 604 605 
605 3 0 605 606 
606 3 0 606 607 
607 3 0 607 608 
608 3 0 608 609 
609 3 0 609 610 
610 3 0 610 611 
611 3 0 611 612 
612 3 0 612 613 
613 3 0 613 614 
614 3 0 614 615 
615 3 0 615 616 
616 3 0 616 617 
617 3 0 617 618 
618 3 0 618 619 
619 3 0 619 620 
620 3 0 620 621 
621 3 0 621 622 
622 3 0 622 623 
623 3 0 623 624 
624 3 0 624 625 
625 3 0 625 626 
626 3 0 626 627 
627 3 0 627 628 
628 3 0 628 629 
629 3 0 629 630 
630 3 0 630 631 
631 3 0 631 632 
632 3 0 632 633 
633 3 0 633 634 
634 3 0 634 635 
635 3 0 635 636 
636 3 0 636 637 
637 3 0 637 638 
638 3 0 638 639 
639 3 0 639 640 
640 3 0 640 641 
641 3 0 641 642 
642 3 0 642 643 
643 3 0 643 644 
644 3 0 644 645 
645 3 0 645 646 
646 3 0 646 647 
647 3 0 647 648 
648 3 0 648 649 
649 3 0 649 650 
650 3 0 650 651 
651 3 0 651 652 
652 3 0 652 653 
653 3 0 653 654 
654 3 0 654 655 
655 3 0 655 656 
656 3 0 656 657 
657 3 0 657 658 
658 3 0 658 659 
659 3 0 659 660 
660 3 0 660 661 
661 3 0 661 662 
662 3 0 662 663 
663 3 0 663 664 
664 3 0 664 665 
665 3 0 665 666 
666 3 0 666 667 
667 3 0 667 668 
668 3 0 668 669 
669 3 0 669 670 
670 3 0 670 671 
671 3 0 671 672 
672 3 0 672 673 
673 3 0 673 674 
674 3 0 674 675 
675 3 0 675 676 
676 3 0 676 677 
677 3 0 677 678 
678 3 0 678 679 
679 3 0 679 680 
680 3 0 680 681 
681 3 0 681 682 
682 3 0 682 683 
683 3 0 683 684 
684 3 0 684 685 
685 3 0 685 686 
686 3 0 686 687 
687 3 0 687 688 
688 3 0 688 689 
689 3 0 689 690 
690 3 0 690 691 
691 3 0 691 692 
692 3 0 692 693 
693 3 0 693 694 
694 3 0 694 695 
695 3 0 695 696 
696 3 0 696 697 
697 3 0 697 698 
698 3 0 698 699 
699 3 0 699 700 
700 3 0 700 701 
701 3 0 701 702 
702 3 0 702 703 
703 3 0 703 704 
704 3 0 704 705 
705 3 0 705 706 
706 3 0 706 707 
707 3 0 707 708 
708 3 0 708 709 
709 3 0 709 710 
710 3 0 710 711 
711 3 0 711 712 
712 3 0 712 713 
713 3 0 713 714 
714 3 0 714 715 
715 3 0 715 716 
716 3 0 716 717 
717 3 0 717 718 
718 3 0 718 719 
719 3 0 719 720 
720 3 0 720 721 
721 3 0 721 722 
722 3 0 722 723 
723 3 0 723 724 
724 3 0 724 725 
725 3 0 725 726 
726 3 0 726 727 
727 3 0 727 728 
728 3 0 728 729 
729 3 0 729 730 
730 3 0 730 731 
731 3 0 731 732 
732 3 0 732 733 
733 3 0 733 734 
734 3 0 734 735 
735 3 0 735 736 
736 3 0 736 737 
737 3 0 737 738 
738 3 0 738 739 
739 3 0 739 740 
740 3 0 740 741 
741 3 0 741 742 
742 3 0 742 743 
743 3 0 743 744 
744 3 0 744 745 
745 3 0 745 746 
746 3 0 746 747 
747 3 0 747 748 
748 3 0 748 749 
749 3 0 749 750 
750 3 0 750 751 
751 3 0 751 752 
752 3 0 752 753 
753 3 0 753 754 
754 3 0 754 755 
755 3 0 755 756 
756 3 0 756 757 
757 3 0 757 758 
758 3 0 758 759 
759 3 0 759 760 
760 3 0 760 761 
761 3 0 761 762 
762 3 0 762 763 
763 3 0 763 764 
764 3 0 764 765 
765 3 0 765 766 
766 3 0 766 767 
767 3 0 767 768 
768 3 0 768 769 
769 3 0 769 770 
770 3 0 770 771 
771 3 0 771 772 
772 3 0 772 773 
773 3 0 773 774 
774 3 0 774 775 
775 3 0 775 776 
776 3 0 776 777 
777 3 0 777 778 
778 3 0 778 779 
779 3 0 779 780 
780 3 0 780 781 
781 3 0 781 782 
782 3 0 782 783 
783 3 0 783 784 
784 3 0 784 785 
785 3 0 785 786 
786 3 0 786 787 
787 3 0 787 788 
788 3 0 788 789 
789 3 0 789 790 
790 3 0 790 791 
791 3 0 791 792 
792 3 0 792 793 
793 3 0 793 794 
794 3 0 794 795 
795 3 0 795 796 
796 3 0 796 797 
797 3 0 797 798 
798 3 0 798 799 
799 3 0 799 800 
800 3 0 800 801 
801 3 0 801 802 
802 3 0 802 803 
803 3 0 803 804 
804 3 0 804 805 
805 3 0 805 806 
806 3 0 806 807 
807 3 0 807 808 
808 3 0 808 809 
809 3 0 809 810 
810 3 0 810 811 
811 3 0 811 812 
812 3 0 812 813 
813 3 0 813 814 
814 3 0 814 815 
815 3 0 815 816 
816 3 0 816 817 
817 3 0 817 818 
818 3 0 818 819 
819 3 0 819 820 
820 3 0 820 821 
821 3 0 821 822 
822 3 0 822 823 
823 3 0 823 824 
824 3 0 824 825 
825 3 0 825 826 
826 3 0 826 827 
827 3 0 827 828 
828 3 0 828 829 
829 3 0 829 830 
830 3 0 830 831 
831 3 0 831 832 
832 3 0 832 833 
833 3 0 833 834 
834 3 0 834 835 
835 3 0 835 836 
836 3 0 836 837 
837 3 0 837 838 
838 3 0 838 839 
839 3 0 839 840 
840 3 0 840 841 
841 3 0 841 842 
842 3 0 842 843 
843 3 0 843 844 
844 3 0 844 845 
845 3 0 845 846 
846 3 0 846 847 
847 3 0 847 848 
848 3 0 848 849 
849 3 0 849 850 
850 3 0 850 851 
851 3 0 851 852 
852 3 0 852 853 
853 3 0 853 854 
854 3 0 854 855 
855 3 0 855 856 
856 3 0 856 857 
857 3 0 857 858 
858 3 0 858 859 
859 3 0 859 860 
860 3 0 860 861 
861 3 0 861 862 
862 3 0 862 863 
863 3 0 863 864 
864 3 0 864 865 
865 3 0 865 866 
866 3 0 866 867 
867 3 0 867 868 
868 3 0 868 869 
869 3 0 869 870 
870 3 0 870 871 
871 3 0 871 872 
872 3 0 872 873 
873 3 0 873 874 
874 3 0 874 875 
875 3 0 875 876 
876 3 0 876 877 
877 3 0 877 878 
878 3 0 878 879 
879 3 0 879 880 
880 3 0 880 881 
881 3 0 881 882 
882 3 0 882 883 
883 3 0 883 884 
884 3 0 884 885 
885 3 0 885 886 
886 3 0 886 887 
887 3 0 887 888 
888 3 0 888 889 
889 3 0 889 890 
890 3 0 890 891 
891 3 0 891 892 
892 3 0 892 893 
893 3 0 893 894 
894 3 0 894 895 
895 3 0 895 896 
896 3 0 896 897 
897 3 0 897 898 
898 3 0 898 899 
899 3 0 899 900 
900 3 0 900 901 
901 3 0 901 902 
902 3 0 902 903 
903 3 0 903 904 
904 3 0 904 905 
905 3 0 905 906 
906 3 0 906 907 
907 3 0 907 908 
908 3 0 908 909 
909 3 0 909 910 
910 3 0 910 911 
911 3 0 911 912 
912 3 0 912 913 
913 3 0 913 914 
914 3 0 914 915 
915 3 0 915 916 
916 3 0 916 917 
917 3 0 917 918 
918 3 0 918 919 
919 3 0 919 920 
920 3 0 920 921 
921 3 0 921 922 
922 3 0 922 923 
923 3 0 923 924 
924 3 0 924 925 
925 3 0 925 926 
926 3 0 926 927 
927 3 0 927 928 
928 3 0 928 929 
929 3 0 929 930 
930 3 0 930 931 
931 3 0 931 932 
932 3 0 932 933 
933 3 0 933 934 
934 3 0 934 935 
935 3 0 935 936 
936 3 0 936 937 
937 3 0 937 938 
938 3 0 938 939 
939 3 0 939 940 
940 3 0 940 941 
941 3 0 941 942 
942 3 0 942 943 
943 3 0 943 944 
944 3 0 944 945 
945 3 0 945 946 
946 3 0 946 947 
947 3 0 947 948 
948 3 0 948 949 
949 3 0 949 950 
950 3 0 950 951 
951 3 0 951 952 
952 3 0 952 953 
953 3 0 953 954 
954 3 0 954 955 
955 3 0 955 956 
956 3 0 956 957 
957 3 0 957 958 
958 3 0 958 959 
959 3 0 959 960 
960 3 0 960 961 
961 3 0 961 962 
962 3 0 962 963 
963 3 0 963 964 
964 3 0 964 965 
965 3 0 965 966 
966 3 0 966 967 
967 3 0 967 968 
968 3 0 968 969 
969 3 0 969 970 
970 3 0 970 971 
971 3 0 971 972 
972 3 0 972 973 
973 3 0 973 974 
974 3 0 974 975 
975 3 0 975 976 
976 3 0 976 977 
977 3 0 977 978 
978 3 0 978 979 
979 3 0 979 980 
980 3 0 980 981 
981 3 0 981 982 
982 3 0 982 983 
983 3 0 983 984 
984 3 0 984 985 
985 3 0 985 986 
986 3 0 986 987 
987 3 0 987 988 
988 3 0 988 989 
989 3 0 989 990 
990 3 0 990 991 
991 3 0 991 992 
992 3 0 992 993 
993 3 0 993 994 
994 3 0 994 995 
995 3 0 995 996 
996 3 0 996 997 
997 3 0 997 998 
998 3 0 998 999 
999 3 0 999 1000 
1000 6 0 
1 1000 
2 0 
3 1 
4 2 
5 3 
6 4 
7 5 
8 6 
9 7 
10 8 
11 9 
12 10 
13 11 
14 12 
15 13 
16 14 
17 15 
18 16 
19 17 
20 18 
21 19 
22 20 
23 21 
24 22 
25 23 
26 24 
27 25 
28 26 
29 27 
30 28 
31 29 
32 30 
33 31 
34 32 
35 33 
36 34 
37 35 
38 36 
39 37 
40 38 
41 39 
42 40 
43 41 
44 42 
45 43 
46 44 
47 45 
48 46 
49 47 
50 48 
51 49 
52 50 
53 51 
54 52 
55 53 
56 54 
57 55 
58 56 
59 57 
60 58 
61 59 
62 60 
63 61 
64 62 
65 63 
66 64 
67 65 
68 66 
69 67 
70 68 
71 69 
72 70 
73 71 
74 72 
75 73 
76 74 
77 75 
78 76 
79 77 
80 78 
81 79 
82 80 
83 81 
84 82 
85 83 
86 84 
87 85 
88 86 
89 87 
90 88 
91 89 
92 90 
93 91 
94 92 
95 93 
96 94 
97 95 
98 96 
99 97 
100 98 
101 99 
102 100 
103 101 
104 102 
105 103 
106 104 
107 105 
108 106 
109 107 
110 108 
111 109 
112 110 
113 111 
114 112 
115 113 
116 114 
117 115 
118 116 
119 117 
120 118 
121 119 
122 120 
123 121 
124 122 
125 123 
126 124 
127 125 
128 126 
129 127 
130 128 
131 129 
132 130 
133 131 
134 132 
135 133 
136 134 
137 135 
138 136 
139 137 
140 138 
141 139 
142 140 
143 141 
144 142 
145 143 
146 144 
147 145 
148 146 
149 147 
150 148 
151 149 
152 150 
153 151 
154 152 
155 153 
156 154 
157 155 
158 156 
159 157 
160 158 
161 159 
162 160 
163 161 
164 162 
165 163 
166 164 
167 165 
168 166 
169 167 
170 168 
171 169 
172 170 
173 171 
174 172 
175 173 
176 174 
177 175 
178 176 
179 177 
180 178 
181 179 
182 180 
183 181 
184 182 
185 183 
186 184 
187 185 
188 186 
189 187 
190 188 
191 189 
192 190 
193 191 
194 192 
195 193 
196 194 
197 195 
198 196 
199 197 
200 198 
201 199 
202 200 
203 201 
204 202 
205 203 
206 204 
207 205 
208 206 
209 207 
210 208 
211 209 
212 210 
213 211 
214 212 
215 213 
216 214 
217 215 
218 216 
219 217 
220 218 
221 219 
222 220 
223 221 
224 222 
225 223 
226 224 
227 225 
228 226 
229 227 
230 228 
231 229 
232 230 
233 231 
234 232 
235 233 
236 234 
237 235 
238 236 
239 237 
240 238 
241 239 
242 240 
243 241 
244 242 
245 243 
246 244 
247 245 
248 246 
249 247 
250 248 
251 249 
252 250 
253 251 
254 252 
255 253 
256 254 
257 255 
258 256 
259 257 
260 258 
261 259 
262 260 
263 261 
264 262 
265 263 
266 264 
267 265 
268 266 
269 267 
270 268 
271 269 
272 270 
273 271 
274 272 
275 273 
276 274 
277 275 
278 276 
279 277 
280 278 
281 279 
282 280 
283 281 
284 282 
285 283 
286 284 
287 285 
288 286 
289 287 
290 288 
291 289 
292 290 
293 291 
294 292 
295 293 
296 294 
297 295 
298 296 
299 297 
300 298 
301 299 
302 300 
303 301 
304 302 
305 303 
306 304 
307 305 
308 306 
309 307 
310 308 
311 309 
312 310 
313 311 
314 312 
315 313 
316 314 
317 315 
318 316 
319 317 
320 318 
321 319 
322 320 
323 321 
324 322 
325 323 
326 324 
327 325 
328 326 
329 327 
330 328 
331 329 
332 330 
333 331 
334 332 
335 333 
336 334 
337 335 
338 336 
339 337 
340 338 
341 339 
342 340 
343 341 
344 342 
345 343 
346 344 
347 345 
348 346 
349 347 
350 348 
351 349 
352 350 
353 351 
354 352 
355 353 
356 354 
357 355 
358 356 
359 357 
360 358 
361 359 
362 360 
363 361 
364 362 
365 363 
366 364 
367 365 
368 366 
369 367 
370 368 
371 369 
372 370 
373 371 
374 372 
375 373 
376 374 
377 375 
378 376 
379 377 
380 378 
381 379 
382 380 
383 381 
384 382 
385 383 
386 384 
387 385 
388 386 
389 387 
390 388 
391 389 
392 390 
393 391 
394 392 
395 393 
396 394 
397 395 
398 396 
399 397 
400 398 
401 399 
402 400 
403 401 
404 402 
405 403 
406 404 
407 405 
408 406 
409 407 
410 408 
411 409 
412 410 
413 411 
414 412 
415 413 
416 414 
417 415 
418 416 
419 417 
420 418 
421 419 
422 420 
423 421 
424 422 
425 423 
426 424 
427 425 
428 426 
429 427 
430 428 
431 429 
432 430 
433 431 
434 432 
435 433 
436 434 
437 435 
438 436 
439 437 
440 438 
441 439 
442 440 
443 441 
444 442 
445 443 
446 444 
447 445 
448 446 
449 447 
450 448 
451 449 
452 450 
453 451 
454 452 
455 453 
456 454 
457 455 
458 456 
459 457 
460 458 
461 459 
462 460 
463 461 
464 462 
465 463 
466 464 
467 465 
468 466 
469 467 
470 468 
471 469 
472 470 
473 471 
474 472 
475 473 
476 474 
477 475 
478 476 
479 477 
480 478 
481 479 
482 480 
483 481 
484 482 
485 483 
486 484 
487 485 
488 486 
489 487 
490 488 
491 489 
492 490 
493 491 
494 492 
495 493 
496 494 
497 495 
498 496 
499 497 
500 498 
501 499 
502 500 
503 501 
504 502 
505 503 
506 504 
507 505 
508 506 
509 507 
510 508 
511 509 
512 510 
513 511 
514 512 
515 513 
516 514 
517 515 
518 516 
519 517 
520 518 
521 519 
522 520 
523 521 
524 522 
525 523 
526 524 
527 525 
528 526 
529 527 
530 528 
531 529 
532 530 
533 531 
534 532 
535 533 
536 534 
537 535 
538 536 
539 537 
540 538 
541 539 
542 540 
543 541 
544 542 
545 543 
546 544 
547 545 
548 546 
549 547 
550 548 
551 549 
552 550 
553 551 
554 552 
555 553 
556 554 
557 555 
558 556 
559 557 
560 558 
561 559 
562 560 
563 561 
564 562 
565 563 
566 564 
567 565 
568 566 
569 567 
570 568 
571 569 
572 570 
573 571 
574 572 
575 573 
576 574 
577 575 
578 576 
579 577 
580 578 
581 579 
582 580 
583 581 
584 582 
585 583 
586 584 
587 585 
588 586 
589 587 
590 588 
591 589 
592 590 
593 591 
594 592 
595 593 
596 594 
597 595 
598 596 
599 597 
600 598 
601 599 
602 600 
603 601 
604 602 
605 603 
606 604 
607 605 
608 606 
609 607 
610 608 
611 609 
612 610 
613 611 
614 612 
615 613 
616 614 
617 615 
618 616 
619 617 
620 618 
621 619 
622 620 
623 621 
624 622 
625 623 
626 624 
627 625 
628 626 
629 627 
630 628 
631 629 
632 630 
633 631 
634 632 
635 633 
636 634 
637 635 
638 636 
639 637 
640 638 
641 639 
642 640 
643 641 
644 642 
645 643 
646 644 
647 645 
648 646 
649 647 
650 648 
651 649 
652 650 
653 651 
654 652 
655 653 
656 654 
657 655 
658 656 
659 657 
660 658 
661 659 
662 660 
663 661 
664 662 
665 663 
666 664 
667 665 
668 666 
669 667 
670 668 
671 669 
672 670 
673 671 
674 672 
675 673 
676 674 
677 675 
678 676 
679 677 
680 678 
681 679 
682 680 
683 681 
684 682 
685 683 
686 684 
687 685 
688 686 
689 687 
690 688 
691 689 
692 690 
693 691 
694 692 
695 693 
696 694 
697 695 
698 696 
699 697 
700 698 
701 699 
702 700 
703 701 
704 702 
705 703 
706 704 
707 705 
708 706 
709 707 
710 708 
711 709 
712 710 
713 711 
714 712 
715 713 
716 714 
717 715 
718 716 
719 717 
720 718 
721 719 
722 720 
723 721 
724 722 
725 723 
726 724 
727 725 
728 726 
729 727 
730 728 
731 729 
732 730 
733 731 
734 732 
735 733 
736 734 
737 735 
738 736 
739 737 
740 738 
741 739 
742 740 
743 741 
744 742 
745 743 
746 744 
747 745 
748 746 
749 747 
750 748 
751 749 
752 750 
753 751 
754 752 
755 753 
756 754 
757 755 
758 756 
759 757 
760 758 
761 759 
762 760 
763 761 
764 762 
765 763 
766 764 
767 765 
768 766 
769 767 
770 768 
771 769 
772 770 
773 771 
774 772 
775 773 
776 774 
777 775 
778 776 
779 777 
780 778 
781 779 
782 780 
783 781 
784 782 
785 783 
786 784 
787 785 
788 786 
789 787 
790 788 
791 789 
792 790 
793 791 
794 792 
795 793 
796 794 
797 795 
798 796 
799 797 
800 798 
801 799 
802 800 
803 801 
804 802 
805 803 
806 804 
807 805 
808 806 
809 807 
810 808 
811 809 
812 810 
813 811 
814 812 
815 813 
816 814 
817 815 
818 816 
819 817 
820 818 
821 819 
822 820 
823 821 
824 822 
825 823 
826 824 
827 825 
828 826 
829 827 
830 828 
831 829 
832 830 
833 831 
834 832 
835 833 
836 834 
837 835 
838 836 
839 837 
840 838 
841 839 
842 840 
843 841 
844 842 
845 843 
846 844 
847 845 
848 846 
849 847 
850 848 
851 849 
852 850 
853 851 
854 852 
855 853 
856 854 
857 855 
858 856 
859 857 
860 858 
861 859 
862 860 
863 861 
864 862 
865 863 
866 864 
867 865 
868 866 
869 867 
870 868 
871 869 
872 870 
873 871 
874 872 
875 873 
876 874 
877 875 
878 876 
879 877 
880 878 
881 879 
882 880 
883 881 
884 882 
885 883 
886 884 
887 885 
888 886 
889 887 
890 888 
891 889 
892 890 
893 891 
894 892 
895 893 
896 894 
897 895 
898 896 
899 897 
900 898 
901 899 
902 900 
903 901 
904 902 
905 903 
906 904 
907 905 
908 906 
909 907 
910 908 
911 909 
912 910 
913 911 
914 912 
915 913 
916 914 
917 915 
918 916 
919 917 
920 918 
921 919 
922 920 
923 921 
924 922 
925 923 
926 924 
927 925 
928 926 
929 927 
930 928 
931 929 
932 930 
933 931 
934 932 
935 933 
936 934 
937 935 
938 936 
939 937 
940 938 
941 939 
942 940 
943 941 
944 942 
945 943 
946 944 
947 945 
948 946 
949 947 
950 948 
951 949 
952 950 
953 951 
954 952 
955 953 
956 954 
957 955 
958 956 
959 957 
960 958 
961 959 
962 960 
963 961 
964 962 
965 963 
966 964 
967 965 
968 966 
969 967 
970 968 
971 969 
972 970 
973 971 
974 972 
975 973 
976 974 
977 975 
978 976 
979 977 
980 978 
981 979 
982 980 
983 981 
984 982 
985 983 
986 984 
987 985 
988 986 
989 987 
990 988 
991 989 
992 990 
993 991 
994 992 
995 993 
996 994 
997 995 
998 996 
999 997 
1000 998 

