2197
0 0 0 0
1 0 0 1
2 0 0 2
3 0 0 3
4 0 0 4
5 0 0 5
6 0 0 6
7 0 0 7
8 0 0 8
9 0 0 9
10 0 0 10
11 0 0 11
12 0 0 12
13 0 1 0
14 0 1 1
15 0 1 2
16 0 1 3
17 0 1 4
18 0 1 5
19 0 1 6
20 0 1 7
21 0 1 8
22 0 1 9
23 0 1 10
24 0 1 11
25 0 1 12
26 0 2 0
27 0 2 1
28 0 2 2
29 0 2 3
30 0 2 4
31 0 2 5
32 0 2 6
33 0 2 7
34 0 2 8
35 0 2 9
36 0 2 10
37 0 2 11
38 0 2 12
39 0 3 0
40 0 3 1
41 0 3 2
42 0 3 3
43 0 3 4
44 0 3 5
45 0 3 6
46 0 3 7
47 0 3 8
48 0 3 9
49 0 3 10
50 0 3 11
51 0 3 12
52 0 4 0
53 0 4 1
54 0 4 2
55 0 4 3
56 0 4 4
57 0 4 5
58 0 4 6
59 0 4 7
60 0 4 8
61 0 4 9
62 0 4 10
63 0 4 11
64 0 4 12
65 0 5 0
66 0 5 1
67 0 5 2
68 0 5 3
69 0 5 4
70 0 5 5
71 0 5 6
72 0 5 7
73 0 5 8
74 0 5 9
75 0 5 10
76 0 5 11
77 0 5 12
78 0 6 0
79 0 6 1
80 0 6 2
81 0 6 3
82 0 6 4
83 0 6 5
84 0 6 6
85 0 6 7
86 0 6 8
87 0 6 9
88 0 6 10
89 0 6 11
90 0 6 12
91 0 7 0
92 0 7 1
93 0 7 2
94 0 7 3
95 0 7 4
96 0 7 5
97 0 7 6
98 0 7 7
99 0 7 8
100 0 7 9
101 0 7 10
102 0 7 11
103 0 7 12
104 0 8 0
105 0 8 1
106 0 8 2
107 0 8 3
108 0 8 4
109 0 8 5
110 0 8 6
111 0 8 7
112 0 8 8
113 0 8 9
114 0 8 10
115 0 8 11
116 0 8 12
117 0 9 0
118 0 9 1
119 0 9 2
120 0 9 3
121 0 9 4
122 0 9 5
123 0 9 6
124 0 9 7
125 0 9 8
126 0 9 9
127 0 9 10
128 0 9 11
129 0 9 12
130 0 10 0
131 0 10 1
132 0 10 2
133 0 10 3
134 0 10 4
135 0 10 5
136 0 10 6
137 0 10 7
138 0 10 8
139 0 10 9
140 0 10 10
141 0 10 11
142 0 10 12
143 0 11 0
144 0 11 1
145 0 11 2
146 0 11 3
147 0 11 4
148 0 11 5
149 0 11 6
150 0 11 7
151 0 11 8
152 0 11 9
153 0 11 10
154 0 11 11
155 0 11 12
156 0 12 0
157 0 12 1
158 0 12 2
159 0 12 3
160 0 12 4
161 0 12 5
162 0 12 6
163 0 12 7
164 0 12 8
165 0 12 9
166 0 12 10
167 0 12 11
168 0 12 12
169 1 0 0
170 1 0 1
171 1 0 2
172 1 0 3
173 1 0 4
174 1 0 5
175 1 0 6
176 1 0 7
177 1 0 8
178 1 0 9
179 1 0 10
180 1 0 11
181 1 0 12
182 1 1 0
183 1 1 1
184 1 1 2
185 1 1 3
186 1 1 4
187 1 1 5
188 1 1 6
189 1 1 7
190 1 1 8
191 1 1 9
192 1 1 10
193 1 1 11
194 1 1 12
195 1 2 0
196 1 2 1
197 1 2 2
198 1 2 3
199 1 2 4
200 1 2 5
201 1 2 6
202 1 2 7
203 1 2 8
204 1 2 9
205 1 2 10
206 1 2 11
207 1 2 12
208 1 3 0
209 1 3 1
210 1 3 2
211 1 3 3
212 1 3 4
213 1 3 5
214 1 3 6
215 1 3 7
216 1 3 8
217 1 3 9
218 1 3 10
219 1 3 11
220 1 3 12
221 1 4 0
222 1 4 1
223 1 4 2
224 1 4 3
225 1 4 4
226 1 4 5
227 1 4 6
228 1 4 7
229 1 4 8
230 1 4 9
231 1 4 10
232 1 4 11
233 1 4 12
234 1 5 0
235 1 5 1
236 1 5 2
237 1 5 3
238 1 5 4
239 1 5 5
240 1 5 6
241 1 5 7
242 1 5 8
243 1 5 9
244 1 5 10
245 1 5 11
246 1 5 12
247 1 6 0
248 1 6 1
249 1 6 2
250 1 6 3
251 1 6 4
252 1 6 5
253 1 6 6
254 1 6 7
255 1 6 8
256 1 6 9
257 1 6 10
258 1 6 11
259 1 6 12
260 1 7 0
261 1 7 1
262 1 7 2
263 1 7 3
264 1 7 4
265 1 7 5
266 1 7 6
267 1 7 7
268 1 7 8
269 1 7 9
270 1 7 10
271 1 7 11
272 1 7 12
273 1 8 0
274 1 8 1
275 1 8 2
276 1 8 3
277 1 8 4
278 1 8 5
279 1 8 6
280 1 8 7
281 1 8 8
282 1 8 9
283 1 8 10
284 1 8 11
285 1 8 12
286 1 9 0
287 1 9 1
288 1 9 2
289 1 9 3
290 1 9 4
291 1 9 5
292 1 9 6
293 1 9 7
294 1 9 8
295 1 9 9
296 1 9 10
297 1 9 11
298 1 9 12
299 1 10 0
300 1 10 1
301 1 10 2
302 1 10 3
303 1 10 4
304 1 10 5
305 1 10 6
306 1 10 7
307 1 10 8
308 1 10 9
309 1 10 10
310 1 10 11
311 1 10 12
312 1 11 0
313 1 11 1
314 1 11 2
315 1 11 3
316 1 11 4
317 1 11 5
318 1 11 6
319 1 11 7
320 1 11 8
321 1 11 9
322 1 11 10
323 1 11 11
324 1 11 12
325 1 12 0
326 1 12 1
327 1 12 2
328 1 12 3
329 1 12 4
330 1 12 5
331 1 12 6
332 1 12 7
333 1 12 8
334 1 12 9
335 1 12 10
336 1 12 11
337 1 12 12
338 2 0 0
339 2 0 1
340 2 0 2
341 2 0 3
342 2 0 4
343 2 0 5
344 2 0 6
345 2 0 7
346 2 0 8
347 2 0 9
348 2 0 10
349 2 0 11
350 2 0 12
351 2 1 0
352 2 1 1
353 2 1 2
354 2 1 3
355 2 1 4
356 2 1 5
357 2 1 6
358 2 1 7
359 2 1 8
360 2 1 9
361 2 1 10
362 2 1 11
363 2 1 12
364 2 2 0
365 2 2 1
366 2 2 2
367 2 2 3
368 2 2 4
369 2 2 5
370 2 2 6
371 2 2 7
372 2 2 8
373 2 2 9
374 2 2 10
375 2 2 11
376 2 2 12
377 2 3 0
378 2 3 1
379 2 3 2
380 2 3 3
381 2 3 4
382 2 3 5
383 2 3 6
384 2 3 7
385 2 3 8
386 2 3 9
387 2 3 10
388 2 3 11
389 2 3 12
390 2 4 0
391 2 4 1
392 2 4 2
393 2 4 3
394 2 4 4
395 2 4 5
396 2 4 6
397 2 4 7
398 2 4 8
399 2 4 9
400 2 4 10
401 2 4 11
402 2 4 12
403 2 5 0
404 2 5 1
405 2 5 2
406 2 5 3
407 2 5 4
408 2 5 5
409 2 5 6
410 2 5 7
411 2 5 8
412 2 5 9
413 2 5 10
414 2 5 11
415 2 5 12
416 2 6 0
417 2 6 1
418 2 6 2
419 2 6 3
420 2 6 4
421 2 6 5
422 2 6 6
423 2 6 7
424 2 6 8
425 2 6 9
426 2 6 10
427 2 6 11
428 2 6 12
429 2 7 0
430 2 7 1
431 2 7 2
432 2 7 3
433 2 7 4
434 2 7 5
435 2 7 6
436 2 7 7
437 2 7 8
438 2 7 9
439 2 7 10
440 2 7 11
441 2 7 12
442 2 8 0
443 2 8 1
444 2 8 2
445 2 8 3
446 2 8 4
447 2 8 5
448 2 8 6
449 2 8 7
450 2 8 8
451 2 8 9
452 2 8 10
453 2 8 11
454 2 8 12
455 2 9 0
456 2 9 1
457 2 9 2
458 2 9 3
459 2 9 4
460 2 9 5
461 2 9 6
462 2 9 7
463 2 9 8
464 2 9 9
465 2 9 10
466 2 9 11
467 2 9 12
468 2 10 0
469 2 10 1
470 2 10 2
471 2 10 3
472 2 10 4
473 2 10 5
474 2 10 6
475 2 10 7
476 2 10 8
477 2 10 9
478 2 10 10
479 2 10 11
480 2 10 12
481 2 11 0
482 2 11 1
483 2 11 2
484 2 11 3
485 2 11 4
486 2 11 5
487 2 11 6
488 2 11 7
489 2 11 8
490 2 11 9
491 2 11 10
492 2 11 11
493 2 11 12
494 2 12 0
495 2 12 1
496 2 12 2
497 2 12 3
498 2 12 4
499 2 12 5
500 2 12 6
501 2 12 7
502 2 12 8
503 2 12 9
504 2 12 10
505 2 12 11
506 2 12 12
507 3 0 0
508 3 0 1
509 3 0 2
510 3 0 3
511 3 0 4
512 3 0 5
513 3 0 6
514 3 0 7
515 3 0 8
516 3 0 9
517 3 0 10
518 3 0 11
519 3 0 12
520 3 1 0
521 3 1 1
522 3 1 2
523 3 1 3
524 3 1 4
525 3 1 5
526 3 1 6
527 3 1 7
528 3 1 8
529 3 1 9
530 3 1 10
531 3 1 11
532 3 1 12
533 3 2 0
534 3 2 1
535 3 2 2
536 3 2 3
537 3 2 4
538 3 2 5
539 3 2 6
540 3 2 7
541 3 2 8
542 3 2 9
543 3 2 10
544 3 2 11
545 3 2 12
546 3 3 0
547 3 3 1
548 3 3 2
549 3 3 3
550 3 3 4
551 3 3 5
552 3 3 6
553 3 3 7
554 3 3 8
555 3 3 9
556 3 3 10
557 3 3 11
558 3 3 12
559 3 4 0
560 3 4 1
561 3 4 2
562 3 4 3
563 3 4 4
564 3 4 5
565 3 4 6
566 3 4 7
567 3 4 8
568 3 4 9
569 3 4 10
570 3 4 11
571 3 4 12
572 3 5 0
573 3 5 1
574 3 5 2
575 3 5 3
576 3 5 4
577 3 5 5
578 3 5 6
579 3 5 7
580 3 5 8
581 3 5 9
582 3 5 10
583 3 5 11
584 3 5 12
585 3 6 0
586 3 6 1
587 3 6 2
588 3 6 3
589 3 6 4
590 3 6 5
591 3 6 6
592 3 6 7
593 3 6 8
594 3 6 9
595 3 6 10
596 3 6 11
597 3 6 12
598 3 7 0
599 3 7 1
600 3 7 2
601 3 7 3
602 3 7 4
603 3 7 5
604 3 7 6
605 3 7 7
606 3 7 8
607 3 7 9
608 3 7 10
609 3 7 11
610 3 7 12
611 3 8 0
612 3 8 1
613 3 8 2
614 3 8 3
615 3 8 4
616 3 8 5
617 3 8 6
618 3 8 7
619 3 8 8
620 3 8 9
621 3 8 10
622 3 8 11
623 3 8 12
624 3 9 0
625 3 9 1
626 3 9 2
627 3 9 3
628 3 9 4
629 3 9 5
630 3 9 6
631 3 9 7
632 3 9 8
633 3 9 9
634 3 9 10
635 3 9 11
636 3 9 12
637 3 10 0
638 3 10 1
639 3 10 2
640 3 10 3
641 3 10 4
642 3 10 5
643 3 10 6
644 3 10 7
645 3 10 8
646 3 10 9
647 3 10 10
648 3 10 11
649 3 10 12
650 3 11 0
651 3 11 1
652 3 11 2
653 3 11 3
654 3 11 4
655 3 11 5
656 3 11 6
657 3 11 7
658 3 11 8
659 3 11 9
660 3 11 10
661 3 11 11
662 3 11 12
663 3 12 0
664 3 12 1
665 3 12 2
666 3 12 3
667 3 12 4
668 3 12 5
669 3 12 6
670 3 12 7
671 3 12 8
672 3 12 9
673 3 12 10
674 3 12 11
675 3 12 12
676 4 0 0
677 4 0 1
678 4 0 2
679 4 0 3
680 4 0 4
681 4 0 5
682 4 0 6
683 4 0 7
684 4 0 8
685 4 0 9
686 4 0 10
687 4 0 11
688 4 0 12
689 4 1 0
690 4 1 1
691 4 1 2
692 4 1 3
693 4 1 4
694 4 1 5
695 4 1 6
696 4 1 7
697 4 1 8
698 4 1 9
699 4 1 10
700 4 1 11
701 4 1 12
702 4 2 0
703 4 2 1
704 4 2 2
705 4 2 3
706 4 2 4
707 4 2 5
708 4 2 6
709 4 2 7
710 4 2 8
711 4 2 9
712 4 2 10
713 4 2 11
714 4 2 12
715 4 3 0
716 4 3 1
717 4 3 2
718 4 3 3
719 4 3 4
720 4 3 5
721 4 3 6
722 4 3 7
723 4 3 8
724 4 3 9
725 4 3 10
726 4 3 11
727 4 3 12
728 4 4 0
729 4 4 1
730 4 4 2
731 4 4 3
732 4 4 4
733 4 4 5
734 4 4 6
735 4 4 7
736 4 4 8
737 4 4 9
738 4 4 10
739 4 4 11
740 4 4 12
741 4 5 0
742 4 5 1
743 4 5 2
744 4 5 3
745 4 5 4
746 4 5 5
747 4 5 6
748 4 5 7
749 4 5 8
750 4 5 9
751 4 5 10
752 4 5 11
753 4 5 12
754 4 6 0
755 4 6 1
756 4 6 2
757 4 6 3
758 4 6 4
759 4 6 5
760 4 6 6
761 4 6 7
762 4 6 8
763 4 6 9
764 4 6 10
765 4 6 11
766 4 6 12
767 4 7 0
768 4 7 1
769 4 7 2
770 4 7 3
771 4 7 4
772 4 7 5
773 4 7 6
774 4 7 7
775 4 7 8
776 4 7 9
777 4 7 10
778 4 7 11
779 4 7 12
780 4 8 0
781 4 8 1
782 4 8 2
783 4 8 3
784 4 8 4
785 4 8 5
786 4 8 6
787 4 8 7
788 4 8 8
789 4 8 9
790 4 8 10
791 4 8 11
792 4 8 12
793 4 9 0
794 4 9 1
795 4 9 2
796 4 9 3
797 4 9 4
798 4 9 5
799 4 9 6
800 4 9 7
801 4 9 8
802 4 9 9
803 4 9 10
804 4 9 11
805 4 9 12
806 4 10 0
807 4 10 1
808 4 10 2
809 4 10 3
810 4 10 4
811 4 10 5
812 4 10 6
813 4 10 7
814 4 10 8
815 4 10 9
816 4 10 10
817 4 10 11
818 4 10 12
819 4 11 0
820 4 11 1
821 4 11 2
822 4 11 3
823 4 11 4
824 4 11 5
825 4 11 6
826 4 11 7
827 4 11 8
828 4 11 9
829 4 11 10
830 4 11 11
831 4 11 12
832 4 12 0
833 4 12 1
834 4 12 2
835 4 12 3
836 4 12 4
837 4 12 5
838 4 12 6
839 4 12 7
840 4 12 8
841 4 12 9
842 4 12 10
843 4 12 11
844 4 12 12
845 5 0 0
846 5 0 1
847 5 0 2
848 5 0 3
849 5 0 4
850 5 0 5
851 5 0 6
852 5 0 7
853 5 0 8
854 5 0 9
855 5 0 10
856 5 0 11
857 5 0 12
858 5 1 0
859 5 1 1
860 5 1 2
861 5 1 3
862 5 1 4
863 5 1 5
864 5 1 6
865 5 1 7
866 5 1 8
867 5 1 9
868 5 1 10
869 5 1 11
870 5 1 12
871 5 2 0
872 5 2 1
873 5 2 2
874 5 2 3
875 5 2 4
876 5 2 5
877 5 2 6
878 5 2 7
879 5 2 8
880 5 2 9
881 5 2 10
882 5 2 11
883 5 2 12
884 5 3 0
885 5 3 1
886 5 3 2
887 5 3 3
888 5 3 4
889 5 3 5
890 5 3 6
891 5 3 7
892 5 3 8
893 5 3 9
894 5 3 10
895 5 3 11
896 5 3 12
897 5 4 0
898 5 4 1
899 5 4 2
900 5 4 3
901 5 4 4
902 5 4 5
903 5 4 6
904 5 4 7
905 5 4 8
906 5 4 9
907 5 4 10
908 5 4 11
909 5 4 12
910 5 5 0
911 5 5 1
912 5 5 2
913 5 5 3
914 5 5 4
915 5 5 5
916 5 5 6
917 5 5 7
918 5 5 8
919 5 5 9
920 5 5 10
921 5 5 11
922 5 5 12
923 5 6 0
924 5 6 1
925 5 6 2
926 5 6 3
927 5 6 4
928 5 6 5
929 5 6 6
930 5 6 7
931 5 6 8
932 5 6 9
933 5 6 10
934 5 6 11
935 5 6 12
936 5 7 0
937 5 7 1
938 5 7 2
939 5 7 3
940 5 7 4
941 5 7 5
942 5 7 6
943 5 7 7
944 5 7 8
945 5 7 9
946 5 7 10
947 5 7 11
948 5 7 12
949 5 8 0
950 5 8 1
951 5 8 2
952 5 8 3
953 5 8 4
954 5 8 5
955 5 8 6
956 5 8 7
957 5 8 8
958 5 8 9
959 5 8 10
960 5 8 11
961 5 8 12
962 5 9 0
963 5 9 1
964 5 9 2
965 5 9 3
966 5 9 4
967 5 9 5
968 5 9 6
969 5 9 7
970 5 9 8
971 5 9 9
972 5 9 10
973 5 9 11
974 5 9 12
975 5 10 0
976 5 10 1
977 5 10 2
978 5 10 3
979 5 10 4
980 5 10 5
981 5 10 6
982 5 10 7
983 5 10 8
984 5 10 9
985 5 10 10
986 5 10 11
987 5 10 12
988 5 11 0
989 5 11 1
990 5 11 2
991 5 11 3
992 5 11 4
993 5 11 5
994 5 11 6
995 5 11 7
996 5 11 8
997 5 11 9
998 5 11 10
999 5 11 11
1000 5 11 12
1001 5 12 0
1002 5 12 1
1003 5 12 2
1004 5 12 3
1005 5 12 4
1006 5 12 5
1007 5 12 6
1008 5 12 7
1009 5 12 8
1010 5 12 9
1011 5 12 10
1012 5 12 11
1013 5 12 12
1014 6 0 0
1015 6 0 1
1016 6 0 2
1017 6 0 3
1018 6 0 4
1019 6 0 5
1020 6 0 6
1021 6 0 7
1022 6 0 8
1023 6 0 9
1024 6 0 10
1025 6 0 11
1026 6 0 12
1027 6 1 0
1028 6 1 1
1029 6 1 2
1030 6 1 3
1031 6 1 4
1032 6 1 5
1033 6 1 6
1034 6 1 7
1035 6 1 8
1036 6 1 9
1037 6 1 10
1038 6 1 11
1039 6 1 12
1040 6 2 0
1041 6 2 1
1042 6 2 2
1043 6 2 3
1044 6 2 4
1045 6 2 5
1046 6 2 6
1047 6 2 7
1048 6 2 8
1049 6 2 9
1050 6 2 10
1051 6 2 11
1052 6 2 12
1053 6 3 0
1054 6 3 1
1055 6 3 2
1056 6 3 3
1057 6 3 4
1058 6 3 5
1059 6 3 6
1060 6 3 7
1061 6 3 8
1062 6 3 9
1063 6 3 10
1064 6 3 11
1065 6 3 12
1066 6 4 0
1067 6 4 1
1068 6 4 2
1069 6 4 3
1070 6 4 4
1071 6 4 5
1072 6 4 6
1073 6 4 7
1074 6 4 8
1075 6 4 9
1076 6 4 10
1077 6 4 11
1078 6 4 12
1079 6 5 0
1080 6 5 1
1081 6 5 2
1082 6 5 3
1083 6 5 4
1084 6 5 5
1085 6 5 6
1086 6 5 7
1087 6 5 8
1088 6 5 9
1089 6 5 10
1090 6 5 11
1091 6 5 12
1092 6 6 0
1093 6 6 1
1094 6 6 2
1095 6 6 3
1096 6 6 4
1097 6 6 5
1098 6 6 6
1099 6 6 7
1100 6 6 8
1101 6 6 9
1102 6 6 10
1103 6 6 11
1104 6 6 12
1105 6 7 0
1106 6 7 1
1107 6 7 2
1108 6 7 3
1109 6 7 4
1110 6 7 5
1111 6 7 6
1112 6 7 7
1113 6 7 8
1114 6 7 9
1115 6 7 10
1116 6 7 11
1117 6 7 12
1118 6 8 0
1119 6 8 1
1120 6 8 2
1121 6 8 3
1122 6 8 4
1123 6 8 5
1124 6 8 6
1125 6 8 7
1126 6 8 8
1127 6 8 9
1128 6 8 10
1129 6 8 11
1130 6 8 12
1131 6 9 0
1132 6 9 1
1133 6 9 2
1134 6 9 3
1135 6 9 4
1136 6 9 5
1137 6 9 6
1138 6 9 7
1139 6 9 8
1140 6 9 9
1141 6 9 10
1142 6 9 11
1143 6 9 12
1144 6 10 0
1145 6 10 1
1146 6 10 2
1147 6 10 3
1148 6 10 4
1149 6 10 5
1150 6 10 6
1151 6 10 7
1152 6 10 8
1153 6 10 9
1154 6 10 10
1155 6 10 11
1156 6 10 12
1157 6 11 0
1158 6 11 1
1159 6 11 2
1160 6 11 3
1161 6 11 4
1162 6 11 5
1163 6 11 6
1164 6 11 7
1165 6 11 8
1166 6 11 9
1167 6 11 10
1168 6 11 11
1169 6 11 12
1170 6 12 0
1171 6 12 1
1172 6 12 2
1173 6 12 3
1174 6 12 4
1175 6 12 5
1176 6 12 6
1177 6 12 7
1178 6 12 8
1179 6 12 9
1180 6 12 10
1181 6 12 11
1182 6 12 12
1183 7 0 0
1184 7 0 1
1185 7 0 2
1186 7 0 3
1187 7 0 4
1188 7 0 5
1189 7 0 6
1190 7 0 7
1191 7 0 8
1192 7 0 9
1193 7 0 10
1194 7 0 11
1195 7 0 12
1196 7 1 0
1197 7 1 1
1198 7 1 2
1199 7 1 3
1200 7 1 4
1201 7 1 5
1202 7 1 6
1203 7 1 7
1204 7 1 8
1205 7 1 9
1206 7 1 10
1207 7 1 11
1208 7 1 12
1209 7 2 0
1210 7 2 1
1211 7 2 2
1212 7 2 3
1213 7 2 4
1214 7 2 5
1215 7 2 6
1216 7 2 7
1217 7 2 8
1218 7 2 9
1219 7 2 10
1220 7 2 11
1221 7 2 12
1222 7 3 0
1223 7 3 1
1224 7 3 2
1225 7 3 3
1226 7 3 4
1227 7 3 5
1228 7 3 6
1229 7 3 7
1230 7 3 8
1231 7 3 9
1232 7 3 10
1233 7 3 11
1234 7 3 12
1235 7 4 0
1236 7 4 1
1237 7 4 2
1238 7 4 3
1239 7 4 4
1240 7 4 5
1241 7 4 6
1242 7 4 7
1243 7 4 8
1244 7 4 9
1245 7 4 10
1246 7 4 11
1247 7 4 12
1248 7 5 0
1249 7 5 1
1250 7 5 2
1251 7 5 3
1252 7 5 4
1253 7 5 5
1254 7 5 6
1255 7 5 7
1256 7 5 8
1257 7 5 9
1258 7 5 10
1259 7 5 11
1260 7 5 12
1261 7 6 0
1262 7 6 1
1263 7 6 2
1264 7 6 3
1265 7 6 4
1266 7 6 5
1267 7 6 6
1268 7 6 7
1269 7 6 8
1270 7 6 9
1271 7 6 10
1272 7 6 11
1273 7 6 12
1274 7 7 0
1275 7 7 1
1276 7 7 2
1277 7 7 3
1278 7 7 4
1279 7 7 5
1280 7 7 6
1281 7 7 7
1282 7 7 8
1283 7 7 9
1284 7 7 10
1285 7 7 11
1286 7 7 12
1287 7 8 0
1288 7 8 1
1289 7 8 2
1290 7 8 3
1291 7 8 4
1292 7 8 5
1293 7 8 6
1294 7 8 7
1295 7 8 8
1296 7 8 9
1297 7 8 10
1298 7 8 11
1299 7 8 12
1300 7 9 0
1301 7 9 1
1302 7 9 2
1303 7 9 3
1304 7 9 4
1305 7 9 5
1306 7 9 6
1307 7 9 7
1308 7 9 8
1309 7 9 9
1310 7 9 10
1311 7 9 11
1312 7 9 12
1313 7 10 0
1314 7 10 1
1315 7 10 2
1316 7 10 3
1317 7 10 4
1318 7 10 5
1319 7 10 6
1320 7 10 7
1321 7 10 8
1322 7 10 9
1323 7 10 10
1324 7 10 11
1325 7 10 12
1326 7 11 0
1327 7 11 1
1328 7 11 2
1329 7 11 3
1330 7 11 4
1331 7 11 5
1332 7 11 6
1333 7 11 7
1334 7 11 8
1335 7 11 9
1336 7 11 10
1337 7 11 11
1338 7 11 12
1339 7 12 0
1340 7 12 1
1341 7 12 2
1342 7 12 3
1343 7 12 4
1344 7 12 5
1345 7 12 6
1346 7 12 7
1347 7 12 8
1348 7 12 9
1349 7 12 10
1350 7 12 11
1351 7 12 12
1352 8 0 0
1353 8 0 1
1354 8 0 2
1355 8 0 3
1356 8 0 4
1357 8 0 5
1358 8 0 6
1359 8 0 7
1360 8 0 8
1361 8 0 9
1362 8 0 10
1363 8 0 11
1364 8 0 12
1365 8 1 0
1366 8 1 1
1367 8 1 2
1368 8 1 3
1369 8 1 4
1370 8 1 5
1371 8 1 6
1372 8 1 7
1373 8 1 8
1374 8 1 9
1375 8 1 10
1376 8 1 11
1377 8 1 12
1378 8 2 0
1379 8 2 1
1380 8 2 2
1381 8 2 3
1382 8 2 4
1383 8 2 5
1384 8 2 6
1385 8 2 7
1386 8 2 8
1387 8 2 9
1388 8 2 10
1389 8 2 11
1390 8 2 12
1391 8 3 0
1392 8 3 1
1393 8 3 2
1394 8 3 3
1395 8 3 4
1396 8 3 5
1397 8 3 6
1398 8 3 7
1399 8 3 8
1400 8 3 9
1401 8 3 10
1402 8 3 11
1403 8 3 12
1404 8 4 0
1405 8 4 1
1406 8 4 2
1407 8 4 3
1408 8 4 4
1409 8 4 5
1410 8 4 6
1411 8 4 7
1412 8 4 8
1413 8 4 9
1414 8 4 10
1415 8 4 11
1416 8 4 12
1417 8 5 0
1418 8 5 1
1419 8 5 2
1420 8 5 3
1421 8 5 4
1422 8 5 5
1423 8 5 6
1424 8 5 7
1425 8 5 8
1426 8 5 9
1427 8 5 10
1428 8 5 11
1429 8 5 12
1430 8 6 0
1431 8 6 1
1432 8 6 2
1433 8 6 3
1434 8 6 4
1435 8 6 5
1436 8 6 6
1437 8 6 7
1438 8 6 8
1439 8 6 9
1440 8 6 10
1441 8 6 11
1442 8 6 12
1443 8 7 0
1444 8 7 1
1445 8 7 2
1446 8 7 3
1447 8 7 4
1448 8 7 5
1449 8 7 6
1450 8 7 7
1451 8 7 8
1452 8 7 9
1453 8 7 10
1454 8 7 11
1455 8 7 12
1456 8 8 0
1457 8 8 1
1458 8 8 2
1459 8 8 3
1460 8 8 4
1461 8 8 5
1462 8 8 6
1463 8 8 7
1464 8 8 8
1465 8 8 9
1466 8 8 10
1467 8 8 11
1468 8 8 12
1469 8 9 0
1470 8 9 1
1471 8 9 2
1472 8 9 3
1473 8 9 4
1474 8 9 5
1475 8 9 6
1476 8 9 7
1477 8 9 8
1478 8 9 9
1479 8 9 10
1480 8 9 11
1481 8 9 12
1482 8 10 0
1483 8 10 1
1484 8 10 2
1485 8 10 3
1486 8 10 4
1487 8 10 5
1488 8 10 6
1489 8 10 7
1490 8 10 8
1491 8 10 9
1492 8 10 10
1493 8 10 11
1494 8 10 12
1495 8 11 0
1496 8 11 1
1497 8 11 2
1498 8 11 3
1499 8 11 4
1500 8 11 5
1501 8 11 6
1502 8 11 7
1503 8 11 8
1504 8 11 9
1505 8 11 10
1506 8 11 11
1507 8 11 12
1508 8 12 0
1509 8 12 1
1510 8 12 2
1511 8 12 3
1512 8 12 4
1513 8 12 5
1514 8 12 6
1515 8 12 7
1516 8 12 8
1517 8 12 9
1518 8 12 10
1519 8 12 11
1520 8 12 12
1521 9 0 0
1522 9 0 1
1523 9 0 2
1524 9 0 3
1525 9 0 4
1526 9 0 5
1527 9 0 6
1528 9 0 7
1529 9 0 8
1530 9 0 9
1531 9 0 10
1532 9 0 11
1533 9 0 12
1534 9 1 0
1535 9 1 1
1536 9 1 2
1537 9 1 3
1538 9 1 4
1539 9 1 5
1540 9 1 6
1541 9 1 7
1542 9 1 8
1543 9 1 9
1544 9 1 10
1545 9 1 11
1546 9 1 12
1547 9 2 0
1548 9 2 1
1549 9 2 2
1550 9 2 3
1551 9 2 4
1552 9 2 5
1553 9 2 6
1554 9 2 7
1555 9 2 8
1556 9 2 9
1557 9 2 10
1558 9 2 11
1559 9 2 12
1560 9 3 0
1561 9 3 1
1562 9 3 2
1563 9 3 3
1564 9 3 4
1565 9 3 5
1566 9 3 6
1567 9 3 7
1568 9 3 8
1569 9 3 9
1570 9 3 10
1571 9 3 11
1572 9 3 12
1573 9 4 0
1574 9 4 1
1575 9 4 2
1576 9 4 3
1577 9 4 4
1578 9 4 5
1579 9 4 6
1580 9 4 7
1581 9 4 8
1582 9 4 9
1583 9 4 10
1584 9 4 11
1585 9 4 12
1586 9 5 0
1587 9 5 1
1588 9 5 2
1589 9 5 3
1590 9 5 4
1591 9 5 5
1592 9 5 6
1593 9 5 7
1594 9 5 8
1595 9 5 9
1596 9 5 10
1597 9 5 11
1598 9 5 12
1599 9 6 0
1600 9 6 1
1601 9 6 2
1602 9 6 3
1603 9 6 4
1604 9 6 5
1605 9 6 6
1606 9 6 7
1607 9 6 8
1608 9 6 9
1609 9 6 10
1610 9 6 11
1611 9 6 12
1612 9 7 0
1613 9 7 1
1614 9 7 2
1615 9 7 3
1616 9 7 4
1617 9 7 5
1618 9 7 6
1619 9 7 7
1620 9 7 8
1621 9 7 9
1622 9 7 10
1623 9 7 11
1624 9 7 12
1625 9 8 0
1626 9 8 1
1627 9 8 2
1628 9 8 3
1629 9 8 4
1630 9 8 5
1631 9 8 6
1632 9 8 7
1633 9 8 8
1634 9 8 9
1635 9 8 10
1636 9 8 11
1637 9 8 12
1638 9 9 0
1639 9 9 1
1640 9 9 2
1641 9 9 3
1642 9 9 4
1643 9 9 5
1644 9 9 6
1645 9 9 7
1646 9 9 8
1647 9 9 9
1648 9 9 10
1649 9 9 11
1650 9 9 12
1651 9 10 0
1652 9 10 1
1653 9 10 2
1654 9 10 3
1655 9 10 4
1656 9 10 5
1657 9 10 6
1658 9 10 7
1659 9 10 8
1660 9 10 9
1661 9 10 10
1662 9 10 11
1663 9 10 12
1664 9 11 0
1665 9 11 1
1666 9 11 2
1667 9 11 3
1668 9 11 4
1669 9 11 5
1670 9 11 6
1671 9 11 7
1672 9 11 8
1673 9 11 9
1674 9 11 10
1675 9 11 11
1676 9 11 12
1677 9 12 0
1678 9 12 1
1679 9 12 2
1680 9 12 3
1681 9 12 4
1682 9 12 5
1683 9 12 6
1684 9 12 7
1685 9 12 8
1686 9 12 9
1687 9 12 10
1688 9 12 11
1689 9 12 12
1690 10 0 0
1691 10 0 1
1692 10 0 2
1693 10 0 3
1694 10 0 4
1695 10 0 5
1696 10 0 6
1697 10 0 7
1698 10 0 8
1699 10 0 9
1700 10 0 10
1701 10 0 11
1702 10 0 12
1703 10 1 0
1704 10 1 1
1705 10 1 2
1706 10 1 3
1707 10 1 4
1708 10 1 5
1709 10 1 6
1710 10 1 7
1711 10 1 8
1712 10 1 9
1713 10 1 10
1714 10 1 11
1715 10 1 12
1716 10 2 0
1717 10 2 1
1718 10 2 2
1719 10 2 3
1720 10 2 4
1721 10 2 5
1722 10 2 6
1723 10 2 7
1724 10 2 8
1725 10 2 9
1726 10 2 10
1727 10 2 11
1728 10 2 12
1729 10 3 0
1730 10 3 1
1731 10 3 2
1732 10 3 3
1733 10 3 4
1734 10 3 5
1735 10 3 6
1736 10 3 7
1737 10 3 8
1738 10 3 9
1739 10 3 10
1740 10 3 11
1741 10 3 12
1742 10 4 0
1743 10 4 1
1744 10 4 2
1745 10 4 3
1746 10 4 4
1747 10 4 5
1748 10 4 6
1749 10 4 7
1750 10 4 8
1751 10 4 9
1752 10 4 10
1753 10 4 11
1754 10 4 12
1755 10 5 0
1756 10 5 1
1757 10 5 2
1758 10 5 3
1759 10 5 4
1760 10 5 5
1761 10 5 6
1762 10 5 7
1763 10 5 8
1764 10 5 9
1765 10 5 10
1766 10 5 11
1767 10 5 12
1768 10 6 0
1769 10 6 1
1770 10 6 2
1771 10 6 3
1772 10 6 4
1773 10 6 5
1774 10 6 6
1775 10 6 7
1776 10 6 8
1777 10 6 9
1778 10 6 10
1779 10 6 11
1780 10 6 12
1781 10 7 0
1782 10 7 1
1783 10 7 2
1784 10 7 3
1785 10 7 4
1786 10 7 5
1787 10 7 6
1788 10 7 7
1789 10 7 8
1790 10 7 9
1791 10 7 10
1792 10 7 11
1793 10 7 12
1794 10 8 0
1795 10 8 1
1796 10 8 2
1797 10 8 3
1798 10 8 4
1799 10 8 5
1800 10 8 6
1801 10 8 7
1802 10 8 8
1803 10 8 9
1804 10 8 10
1805 10 8 11
1806 10 8 12
1807 10 9 0
1808 10 9 1
1809 10 9 2
1810 10 9 3
1811 10 9 4
1812 10 9 5
1813 10 9 6
1814 10 9 7
1815 10 9 8
1816 10 9 9
1817 10 9 10
1818 10 9 11
1819 10 9 12
1820 10 10 0
1821 10 10 1
1822 10 10 2
1823 10 10 3
1824 10 10 4
1825 10 10 5
1826 10 10 6
1827 10 10 7
1828 10 10 8
1829 10 10 9
1830 10 10 10
1831 10 10 11
1832 10 10 12
1833 10 11 0
1834 10 11 1
1835 10 11 2
1836 10 11 3
1837 10 11 4
1838 10 11 5
1839 10 11 6
1840 10 11 7
1841 10 11 8
1842 10 11 9
1843 10 11 10
1844 10 11 11
1845 10 11 12
1846 10 12 0
1847 10 12 1
1848 10 12 2
1849 10 12 3
1850 10 12 4
1851 10 12 5
1852 10 12 6
1853 10 12 7
1854 10 12 8
1855 10 12 9
1856 10 12 10
1857 10 12 11
1858 10 12 12
1859 11 0 0
1860 11 0 1
1861 11 0 2
1862 11 0 3
1863 11 0 4
1864 11 0 5
1865 11 0 6
1866 11 0 7
1867 11 0 8
1868 11 0 9
1869 11 0 10
1870 11 0 11
1871 11 0 12
1872 11 1 0
1873 11 1 1
1874 11 1 2
1875 11 1 3
1876 11 1 4
1877 11 1 5
1878 11 1 6
1879 11 1 7
1880 11 1 8
1881 11 1 9
1882 11 1 10
1883 11 1 11
1884 11 1 12
1885 11 2 0
1886 11 2 1
1887 11 2 2
1888 11 2 3
1889 11 2 4
1890 11 2 5
1891 11 2 6
1892 11 2 7
1893 11 2 8
1894 11 2 9
1895 11 2 10
1896 11 2 11
1897 11 2 12
1898 11 3 0
1899 11 3 1
1900 11 3 2
1901 11 3 3
1902 11 3 4
1903 11 3 5
1904 11 3 6
1905 11 3 7
1906 11 3 8
1907 11 3 9
1908 11 3 10
1909 11 3 11
1910 11 3 12
1911 11 4 0
1912 11 4 1
1913 11 4 2
1914 11 4 3
1915 11 4 4
1916 11 4 5
1917 11 4 6
1918 11 4 7
1919 11 4 8
1920 11 4 9
1921 11 4 10
1922 11 4 11
1923 11 4 12
1924 11 5 0
1925 11 5 1
1926 11 5 2
1927 11 5 3
1928 11 5 4
1929 11 5 5
1930 11 5 6
1931 11 5 7
1932 11 5 8
1933 11 5 9
1934 11 5 10
1935 11 5 11
1936 11 5 12
1937 11 6 0
1938 11 6 1
1939 11 6 2
1940 11 6 3
1941 11 6 4
1942 11 6 5
1943 11 6 6
1944 11 6 7
1945 11 6 8
1946 11 6 9
1947 11 6 10
1948 11 6 11
1949 11 6 12
1950 11 7 0
1951 11 7 1
1952 11 7 2
1953 11 7 3
1954 11 7 4
1955 11 7 5
1956 11 7 6
1957 11 7 7
1958 11 7 8
1959 11 7 9
1960 11 7 10
1961 11 7 11
1962 11 7 12
1963 11 8 0
1964 11 8 1
1965 11 8 2
1966 11 8 3
1967 11 8 4
1968 11 8 5
1969 11 8 6
1970 11 8 7
1971 11 8 8
1972 11 8 9
1973 11 8 10
1974 11 8 11
1975 11 8 12
1976 11 9 0
1977 11 9 1
1978 11 9 2
1979 11 9 3
1980 11 9 4
1981 11 9 5
1982 11 9 6
1983 11 9 7
1984 11 9 8
1985 11 9 9
1986 11 9 10
1987 11 9 11
1988 11 9 12
1989 11 10 0
1990 11 10 1
1991 11 10 2
1992 11 10 3
1993 11 10 4
1994 11 10 5
1995 11 10 6
1996 11 10 7
1997 11 10 8
1998 11 10 9
1999 11 10 10
2000 11 10 11
2001 11 10 12
2002 11 11 0
2003 11 11 1
2004 11 11 2
2005 11 11 3
2006 11 11 4
2007 11 11 5
2008 11 11 6
2009 11 11 7
2010 11 11 8
2011 11 11 9
2012 11 11 10
2013 11 11 11
2014 11 11 12
2015 11 12 0
2016 11 12 1
2017 11 12 2
2018 11 12 3
2019 11 12 4
2020 11 12 5
2021 11 12 6
2022 11 12 7
2023 11 12 8
2024 11 12 9
2025 11 12 10
2026 11 12 11
2027 11 12 12
2028 12 0 0
2029 12 0 1
2030 12 0 2
2031 12 0 3
2032 12 0 4
2033 12 0 5
2034 12 0 6
2035 12 0 7
2036 12 0 8
2037 12 0 9
2038 12 0 10
2039 12 0 11
2040 12 0 12
2041 12 1 0
2042 12 1 1
2043 12 1 2
2044 12 1 3
2045 12 1 4
2046 12 1 5
2047 12 1 6
2048 12 1 7
2049 12 1 8
2050 12 1 9
2051 12 1 10
2052 12 1 11
2053 12 1 12
2054 12 2 0
2055 12 2 1
2056 12 2 2
2057 12 2 3
2058 12 2 4
2059 12 2 5
2060 12 2 6
2061 12 2 7
2062 12 2 8
2063 12 2 9
2064 12 2 10
2065 12 2 11
2066 12 2 12
2067 12 3 0
2068 12 3 1
2069 12 3 2
2070 12 3 3
2071 12 3 4
2072 12 3 5
2073 12 3 6
2074 12 3 7
2075 12 3 8
2076 12 3 9
2077 12 3 10
2078 12 3 11
2079 12 3 12
2080 12 4 0
2081 12 4 1
2082 12 4 2
2083 12 4 3
2084 12 4 4
2085 12 4 5
2086 12 4 6
2087 12 4 7
2088 12 4 8
2089 12 4 9
2090 12 4 10
2091 12 4 11
2092 12 4 12
2093 12 5 0
2094 12 5 1
2095 12 5 2
2096 12 5 3
2097 12 5 4
2098 12 5 5
2099 12 5 6
2100 12 5 7
2101 12 5 8
2102 12 5 9
2103 12 5 10
2104 12 5 11
2105 12 5 12
2106 12 6 0
2107 12 6 1
2108 12 6 2
2109 12 6 3
2110 12 6 4
2111 12 6 5
2112 12 6 6
2113 12 6 7
2114 12 6 8
2115 12 6 9
2116 12 6 10
2117 12 6 11
2118 12 6 12
2119 12 7 0
2120 12 7 1
2121 12 7 2
2122 12 7 3
2123 12 7 4
2124 12 7 5
2125 12 7 6
2126 12 7 7
2127 12 7 8
2128 12 7 9
2129 12 7 10
2130 12 7 11
2131 12 7 12
2132 12 8 0
2133 12 8 1
2134 12 8 2
2135 12 8 3
2136 12 8 4
2137 12 8 5
2138 12 8 6
2139 12 8 7
2140 12 8 8
2141 12 8 9
2142 12 8 10
2143 12 8 11
2144 12 8 12
2145 12 9 0
2146 12 9 1
2147 12 9 2
2148 12 9 3
2149 12 9 4
2150 12 9 5
2151 12 9 6
2152 12 9 7
2153 12 9 8
2154 12 9 9
2155 12 9 10
2156 12 9 11
2157 12 9 12
2158 12 10 0
2159 12 10 1
2160 12 10 2
2161 12 10 3
2162 12 10 4
2163 12 10 5
2164 12 10 6
2165 12 10 7
2166 12 10 8
2167 12 10 9
2168 12 10 10
2169 12 10 11
2170 12 10 12
2171 12 11 0
2172 12 11 1
2173 12 11 2
2174 12 11 3
2175 12 11 4
2176 12 11 5
2177 12 11 6
2178 12 11 7
2179 12 11 8
2180 12 11 9
2181 12 11 10
2182 12 11 11
2183 12 11 12
2184 12 12 0
2185 12 12 1
2186 12 12 2
2187 12 12 3
2188 12 12 4
2189 12 12 5
2190 12 12 6
2191 12 12 7
2192 12 12 8
2193 12 12 9
2194 12 12 10
2195 12 12 11
2196 12 12 12
913
0 8 0 56 225 238 69 57 226 239 70 
1 8 0 57 226 239 70 58 227 240 71 
2 8 0 58 227 240 71 59 228 241 72 
3 8 0 59 228 241 72 60 229 242 73 
4 8 0 69 238 251 82 70 239 252 83 
5 8 0 70 239 252 83 71 240 253 84 
6 8 0 71 240 253 84 72 241 254 85 
7 8 0 72 241 254 85 73 242 255 86 
8 8 0 82 251 264 95 83 252 265 96 
9 8 0 83 252 265 96 84 253 266 97 
10 8 0 84 253 266 97 85 254 267 98 
11 8 0 85 254 267 98 86 255 268 99 
12 8 0 95 264 277 108 96 265 278 109 
13 8 0 96 265 278 109 97 266 279 110 
14 8 0 97 266 279 110 98 267 280 111 
15 8 0 98 267 280 111 99 268 281 112 
16 8 0 199 368 381 212 200 369 382 213 
17 8 0 200 369 382 213 201 370 383 214 
18 8 0 201 370 383 214 202 371 384 215 
19 8 0 202 371 384 215 203 372 385 216 
20 8 0 211 380 393 224 212 381 394 225 
21 8 0 212 381 394 225 213 382 395 226 
22 8 0 213 382 395 226 214 383 396 227 
23 8 0 214 383 396 227 215 384 397 228 
24 8 0 215 384 397 228 216 385 398 229 
25 8 0 216 385 398 229 217 386 399 230 
26 8 0 223 392 405 236 224 393 406 237 
27 8 0 224 393 406 237 225 394 407 238 
28 8 0 225 394 407 238 226 395 408 239 
29 8 0 226 395 408 239 227 396 409 240 
30 8 0 227 396 409 240 228 397 410 241 
31 8 0 228 397 410 241 229 398 411 242 
32 8 0 229 398 411 242 230 399 412 243 
33 8 0 230 399 412 243 231 400 413 244 
34 8 0 236 405 418 249 237 406 419 250 
35 8 0 237 406 419 250 238 407 420 251 
36 8 0 238 407 420 251 239 408 421 252 
37 8 0 239 408 421 252 240 409 422 253 
38 8 0 240 409 422 253 241 410 423 254 
39 8 0 241 410 423 254 242 411 424 255 
40 8 0 242 411 424 255 243 412 425 256 
41 8 0 243 412 425 256 244 413 426 257 
42 8 0 249 418 431 262 250 419 432 263 
43 8 0 250 419 432 263 251 420 433 264 
44 8 0 251 420 433 264 252 421 434 265 
45 8 0 252 421 434 265 253 422 435 266 
46 8 0 253 422 435 266 254 423 436 267 
47 8 0 254 423 436 267 255 424 437 268 
48 8 0 255 424 437 268 256 425 438 269 
49 8 0 256 425 438 269 257 426 439 270 
50 8 0 262 431 444 275 263 432 445 276 
51 8 0 263 432 445 276 264 433 446 277 
52 8 0 264 433 446 277 265 434 447 278 
53 8 0 265 434 447 278 266 435 448 279 
54 8 0 266 435 448 279 267 436 449 280 
55 8 0 267 436 449 280 268 437 450 281 
56 8 0 268 437 450 281 269 438 451 282 
57 8 0 269 438 451 282 270 439 452 283 
58 8 0 276 445 458 289 277 446 459 290 
59 8 0 277 446 459 290 278 447 460 291 
60 8 0 278 447 460 291 279 448 461 292 
61 8 0 279 448 461 292 280 449 462 293 
62 8 0 280 449 462 293 281 450 463 294 
63 8 0 281 450 463 294 282 451 464 295 
64 8 0 290 459 472 303 291 460 473 304 
65 8 0 291 460 473 304 292 461 474 305 
66 8 0 292 461 474 305 293 462 475 306 
67 8 0 293 462 475 306 294 463 476 307 
68 8 0 355 524 537 368 356 525 538 369 
69 8 0 356 525 538 369 357 526 539 370 
70 8 0 357 526 539 370 358 527 540 371 
71 8 0 358 527 540 371 359 528 541 372 
72 8 0 367 536 549 380 368 537 550 381 
73 8 0 368 537 550 381 369 538 551 382 
74 8 0 369 538 551 382 370 539 552 383 
75 8 0 370 539 552 383 371 540 553 384 
76 8 0 371 540 553 384 372 541 554 385 
77 8 0 372 541 554 385 373 542 555 386 
78 8 0 379 548 561 392 380 549 562 393 
79 8 0 380 549 562 393 381 550 563 394 
80 8 0 381 550 563 394 382 551 564 395 
81 8 0 382 551 564 395 383 552 565 396 
82 8 0 383 552 565 396 384 553 566 397 
83 8 0 384 553 566 397 385 554 567 398 
84 8 0 385 554 567 398 386 555 568 399 
85 8 0 386 555 568 399 387 556 569 400 
86 8 0 391 560 573 404 392 561 574 405 
87 8 0 392 561 574 405 393 562 575 406 
88 8 0 393 562 575 406 394 563 576 407 
89 8 0 394 563 576 407 395 564 577 408 
90 8 0 395 564 577 408 396 565 578 409 
91 8 0 396 565 578 409 397 566 579 410 
92 8 0 397 566 579 410 398 567 580 411 
93 8 0 398 567 580 411 399 568 581 412 
94 8 0 399 568 581 412 400 569 582 413 
95 8 0 400 569 582 413 401 570 583 414 
96 8 0 404 573 586 417 405 574 587 418 
97 8 0 405 574 587 418 406 575 588 419 
98 8 0 406 575 588 419 407 576 589 420 
99 8 0 407 576 589 420 408 577 590 421 
100 8 0 408 577 590 421 409 578 591 422 
101 8 0 409 578 591 422 410 579 592 423 
102 8 0 410 579 592 423 411 580 593 424 
103 8 0 411 580 593 424 412 581 594 425 
104 8 0 412 581 594 425 413 582 595 426 
105 8 0 413 582 595 426 414 583 596 427 
106 8 0 417 586 599 430 418 587 600 431 
107 8 0 418 587 600 431 419 588 601 432 
108 8 0 419 588 601 432 420 589 602 433 
109 8 0 420 589 602 433 421 590 603 434 
110 8 0 421 590 603 434 422 591 604 435 
111 8 0 422 591 604 435 423 592 605 436 
112 8 0 423 592 605 436 424 593 606 437 
113 8 0 424 593 606 437 425 594 607 438 
114 8 0 425 594 607 438 426 595 608 439 
115 8 0 426 595 608 439 427 596 609 440 
116 8 0 430 599 612 443 431 600 613 444 
117 8 0 431 600 613 444 432 601 614 445 
118 8 0 432 601 614 445 433 602 615 446 
119 8 0 433 602 615 446 434 603 616 447 
120 8 0 434 603 616 447 435 604 617 448 
121 8 0 435 604 617 448 436 605 618 449 
122 8 0 436 605 618 449 437 606 619 450 
123 8 0 437 606 619 450 438 607 620 451 
124 8 0 438 607 620 451 439 608 621 452 
125 8 0 439 608 621 452 440 609 622 453 
126 8 0 444 613 626 457 445 614 627 458 
127 8 0 445 614 627 458 446 615 628 459 
128 8 0 446 615 628 459 447 616 629 460 
129 8 0 447 616 629 460 448 617 630 461 
130 8 0 448 617 630 461 449 618 631 462 
131 8 0 449 618 631 462 450 619 632 463 
132 8 0 450 619 632 463 451 620 633 464 
133 8 0 451 620 633 464 452 621 634 465 
134 8 0 458 627 640 471 459 628 641 472 
135 8 0 459 628 641 472 460 629 642 473 
136 8 0 460 629 642 473 461 630 643 474 
137 8 0 461 630 643 474 462 631 644 475 
138 8 0 462 631 644 475 463 632 645 476 
139 8 0 463 632 645 476 464 633 646 477 
140 8 0 472 641 654 485 473 642 655 486 
141 8 0 473 642 655 486 474 643 656 487 
142 8 0 474 643 656 487 475 644 657 488 
143 8 0 475 644 657 488 476 645 658 489 
144 8 0 523 692 705 536 524 693 706 537 
145 8 0 524 693 706 537 525 694 707 538 
146 8 0 525 694 707 538 526 695 708 539 
147 8 0 526 695 708 539 527 696 709 540 
148 8 0 527 696 709 540 528 697 710 541 
149 8 0 528 697 710 541 529 698 711 542 
150 8 0 535 704 717 548 536 705 718 549 
151 8 0 536 705 718 549 537 706 719 550 
152 8 0 537 706 719 550 538 707 720 551 
153 8 0 538 707 720 551 539 708 721 552 
154 8 0 539 708 721 552 540 709 722 553 
155 8 0 540 709 722 553 541 710 723 554 
156 8 0 541 710 723 554 542 711 724 555 
157 8 0 542 711 724 555 543 712 725 556 
158 8 0 547 716 729 560 548 717 730 561 
159 8 0 548 717 730 561 549 718 731 562 
160 8 0 549 718 731 562 550 719 732 563 
161 8 0 550 719 732 563 551 720 733 564 
162 8 0 551 720 733 564 552 721 734 565 
163 8 0 552 721 734 565 553 722 735 566 
164 8 0 553 722 735 566 554 723 736 567 
165 8 0 554 723 736 567 555 724 737 568 
166 8 0 555 724 737 568 556 725 738 569 
167 8 0 556 725 738 569 557 726 739 570 
168 8 0 560 729 742 573 561 730 743 574 
169 8 0 561 730 743 574 562 731 744 575 
170 8 0 562 731 744 575 563 732 745 576 
171 8 0 563 732 745 576 564 733 746 577 
172 8 0 564 733 746 577 565 734 747 578 
173 8 0 565 734 747 578 566 735 748 579 
174 8 0 566 735 748 579 567 736 749 580 
175 8 0 567 736 749 580 568 737 750 581 
176 8 0 568 737 750 581 569 738 751 582 
177 8 0 569 738 751 582 570 739 752 583 
178 8 0 573 742 755 586 574 743 756 587 
179 8 0 574 743 756 587 575 744 757 588 
180 8 0 575 744 757 588 576 745 758 589 
181 8 0 576 745 758 589 577 746 759 590 
182 8 0 577 746 759 590 578 747 760 591 
183 8 0 578 747 760 591 579 748 761 592 
184 8 0 579 748 761 592 580 749 762 593 
185 8 0 580 749 762 593 581 750 763 594 
186 8 0 581 750 763 594 582 751 764 595 
187 8 0 582 751 764 595 583 752 765 596 
188 8 0 586 755 768 599 587 756 769 600 
189 8 0 587 756 769 600 588 757 770 601 
190 8 0 588 757 770 601 589 758 771 602 
191 8 0 589 758 771 602 590 759 772 603 
192 8 0 590 759 772 603 591 760 773 604 
193 8 0 591 760 773 604 592 761 774 605 
194 8 0 592 761 774 605 593 762 775 606 
195 8 0 593 762 775 606 594 763 776 607 
196 8 0 594 763 776 607 595 764 777 608 
197 8 0 595 764 777 608 596 765 778 609 
198 8 0 599 768 781 612 600 769 782 613 
199 8 0 600 769 782 613 601 770 783 614 
200 8 0 601 770 783 614 602 771 784 615 
201 8 0 602 771 784 615 603 772 785 616 
202 8 0 603 772 785 616 604 773 786 617 
203 8 0 604 773 786 617 605 774 787 618 
204 8 0 605 774 787 618 606 775 788 619 
205 8 0 606 775 788 619 607 776 789 620 
206 8 0 607 776 789 620 608 777 790 621 
207 8 0 608 777 790 621 609 778 791 622 
208 8 0 612 781 794 625 613 782 795 626 
209 8 0 613 782 795 626 614 783 796 627 
210 8 0 614 783 796 627 615 784 797 628 
211 8 0 615 784 797 628 616 785 798 629 
212 8 0 616 785 798 629 617 786 799 630 
213 8 0 617 786 799 630 618 787 800 631 
214 8 0 618 787 800 631 619 788 801 632 
215 8 0 619 788 801 632 620 789 802 633 
216 8 0 620 789 802 633 621 790 803 634 
217 8 0 621 790 803 634 622 791 804 635 
218 8 0 626 795 808 639 627 796 809 640 
219 8 0 627 796 809 640 628 797 810 641 
220 8 0 628 797 810 641 629 798 811 642 
221 8 0 629 798 811 642 630 799 812 643 
222 8 0 630 799 812 643 631 800 813 644 
223 8 0 631 800 813 644 632 801 814 645 
224 8 0 632 801 814 645 633 802 815 646 
225 8 0 633 802 815 646 634 803 816 647 
226 8 0 640 809 822 653 641 810 823 654 
227 8 0 641 810 823 654 642 811 824 655 
228 8 0 642 811 824 655 643 812 825 656 
229 8 0 643 812 825 656 644 813 826 657 
230 8 0 644 813 826 657 645 814 827 658 
231 8 0 645 814 827 658 646 815 828 659 
232 8 0 680 849 862 693 681 850 863 694 
233 8 0 681 850 863 694 682 851 864 695 
234 8 0 682 851 864 695 683 852 865 696 
235 8 0 683 852 865 696 684 853 866 697 
236 8 0 691 860 873 704 692 861 874 705 
237 8 0 692 861 874 705 693 862 875 706 
238 8 0 693 862 875 706 694 863 876 707 
239 8 0 694 863 876 707 695 864 877 708 
240 8 0 695 864 877 708 696 865 878 709 
241 8 0 696 865 878 709 697 866 879 710 
242 8 0 697 866 879 710 698 867 880 711 
243 8 0 698 867 880 711 699 868 881 712 
244 8 0 703 872 885 716 704 873 886 717 
245 8 0 704 873 886 717 705 874 887 718 
246 8 0 705 874 887 718 706 875 888 719 
247 8 0 706 875 888 719 707 876 889 720 
248 8 0 707 876 889 720 708 877 890 721 
249 8 0 708 877 890 721 709 878 891 722 
250 8 0 709 878 891 722 710 879 892 723 
251 8 0 710 879 892 723 711 880 893 724 
252 8 0 711 880 893 724 712 881 894 725 
253 8 0 712 881 894 725 713 882 895 726 
254 8 0 716 885 898 729 717 886 899 730 
255 8 0 717 886 899 730 718 887 900 731 
256 8 0 718 887 900 731 719 888 901 732 
257 8 0 719 888 901 732 720 889 902 733 
258 8 0 720 889 902 733 721 890 903 734 
259 8 0 721 890 903 734 722 891 904 735 
260 8 0 722 891 904 735 723 892 905 736 
261 8 0 723 892 905 736 724 893 906 737 
262 8 0 724 893 906 737 725 894 907 738 
263 8 0 725 894 907 738 726 895 908 739 
264 8 0 728 897 910 741 729 898 911 742 
265 8 0 729 898 911 742 730 899 912 743 
266 8 0 730 899 912 743 731 900 913 744 
267 8 0 731 900 913 744 732 901 914 745 
268 8 1 732 901 914 745 733 902 915 746 
269 8 0 733 902 915 746 734 903 916 747 
270 8 0 734 903 916 747 735 904 917 748 
271 8 0 735 904 917 748 736 905 918 749 
272 8 0 736 905 918 749 737 906 919 750 
273 8 0 737 906 919 750 738 907 920 751 
274 8 0 738 907 920 751 739 908 921 752 
275 8 0 739 908 921 752 740 909 922 753 
276 8 0 741 910 923 754 742 911 924 755 
277 8 0 742 911 924 755 743 912 925 756 
278 8 0 743 912 925 756 744 913 926 757 
279 8 0 744 913 926 757 745 914 927 758 
280 8 0 745 914 927 758 746 915 928 759 
281 8 0 746 915 928 759 747 916 929 760 
282 8 0 747 916 929 760 748 917 930 761 
283 8 0 748 917 930 761 749 918 931 762 
284 8 0 749 918 931 762 750 919 932 763 
285 8 0 750 919 932 763 751 920 933 764 
286 8 0 751 920 933 764 752 921 934 765 
287 8 0 752 921 934 765 753 922 935 766 
288 8 0 754 923 936 767 755 924 937 768 
289 8 0 755 924 937 768 756 925 938 769 
290 8 0 756 925 938 769 757 926 939 770 
291 8 0 757 926 939 770 758 927 940 771 
292 8 0 758 927 940 771 759 928 941 772 
293 8 0 759 928 941 772 760 929 942 773 
294 8 0 760 929 942 773 761 930 943 774 
295 8 0 761 930 943 774 762 931 944 775 
296 8 0 762 931 944 775 763 932 945 776 
297 8 0 763 932 945 776 764 933 946 777 
298 8 0 764 933 946 777 765 934 947 778 
299 8 0 765 934 947 778 766 935 948 779 
300 8 0 767 936 949 780 768 937 950 781 
301 8 0 768 937 950 781 769 938 951 782 
302 8 0 769 938 951 782 770 939 952 783 
303 8 0 770 939 952 783 771 940 953 784 
304 8 0 771 940 953 784 772 941 954 785 
305 8 0 772 941 954 785 773 942 955 786 
306 8 0 773 942 955 786 774 943 956 787 
307 8 0 774 943 956 787 775 944 957 788 
308 8 0 775 944 957 788 776 945 958 789 
309 8 0 776 945 958 789 777 946 959 790 
310 8 0 777 946 959 790 778 947 960 791 
311 8 0 778 947 960 791 779 948 961 792 
312 8 0 781 950 963 794 782 951 964 795 
313 8 0 782 951 964 795 783 952 965 796 
314 8 0 783 952 965 796 784 953 966 797 
315 8 0 784 953 966 797 785 954 967 798 
316 8 0 785 954 967 798 786 955 968 799 
317 8 0 786 955 968 799 787 956 969 800 
318 8 0 787 956 969 800 788 957 970 801 
319 8 0 788 957 970 801 789 958 971 802 
320 8 0 789 958 971 802 790 959 972 803 
321 8 0 790 959 972 803 791 960 973 804 
322 8 0 794 963 976 807 795 964 977 808 
323 8 0 795 964 977 808 796 965 978 809 
324 8 0 796 965 978 809 797 966 979 810 
325 8 0 797 966 979 810 798 967 980 811 
326 8 0 798 967 980 811 799 968 981 812 
327 8 0 799 968 981 812 800 969 982 813 
328 8 0 800 969 982 813 801 970 983 814 
329 8 0 801 970 983 814 802 971 984 815 
330 8 0 802 971 984 815 803 972 985 816 
331 8 0 803 972 985 816 804 973 986 817 
332 8 0 808 977 990 821 809 978 991 822 
333 8 0 809 978 991 822 810 979 992 823 
334 8 0 810 979 992 823 811 980 993 824 
335 8 0 811 980 993 824 812 981 994 825 
336 8 0 812 981 994 825 813 982 995 826 
337 8 0 813 982 995 826 814 983 996 827 
338 8 0 814 983 996 827 815 984 997 828 
339 8 0 815 984 997 828 816 985 998 829 
340 8 0 823 992 1005 836 824 993 1006 837 
341 8 0 824 993 1006 837 825 994 1007 838 
342 8 0 825 994 1007 838 826 995 1008 839 
343 8 0 826 995 1008 839 827 996 1009 840 
344 8 0 849 1018 1031 862 850 1019 1032 863 
345 8 0 850 1019 1032 863 851 1020 1033 864 
346 8 0 851 1020 1033 864 852 1021 1034 865 
347 8 0 852 1021 1034 865 853 1022 1035 866 
348 8 0 860 1029 1042 873 861 1030 1043 874 
349 8 0 861 1030 1043 874 862 1031 1044 875 
350 8 0 862 1031 1044 875 863 1032 1045 876 
351 8 0 863 1032 1045 876 864 1033 1046 877 
352 8 0 864 1033 1046 877 865 1034 1047 878 
353 8 0 865 1034 1047 878 866 1035 1048 879 
354 8 0 866 1035 1048 879 867 1036 1049 880 
355 8 0 867 1036 1049 880 868 1037 1050 881 
356 8 0 872 1041 1054 885 873 1042 1055 886 
357 8 0 873 1042 1055 886 874 1043 1056 887 
358 8 0 874 1043 1056 887 875 1044 1057 888 
359 8 0 875 1044 1057 888 876 1045 1058 889 
360 8 0 876 1045 1058 889 877 1046 1059 890 
361 8 0 877 1046 1059 890 878 1047 1060 891 
362 8 0 878 1047 1060 891 879 1048 1061 892 
363 8 0 879 1048 1061 892 880 1049 1062 893 
364 8 0 880 1049 1062 893 881 1050 1063 894 
365 8 0 881 1050 1063 894 882 1051 1064 895 
366 8 0 885 1054 1067 898 886 1055 1068 899 
367 8 0 886 1055 1068 899 887 1056 1069 900 
368 8 0 887 1056 1069 900 888 1057 1070 901 
369 8 0 888 1057 1070 901 889 1058 1071 902 
370 8 0 889 1058 1071 902 890 1059 1072 903 
371 8 0 890 1059 1072 903 891 1060 1073 904 
372 8 0 891 1060 1073 904 892 1061 1074 905 
373 8 0 892 1061 1074 905 893 1062 1075 906 
374 8 0 893 1062 1075 906 894 1063 1076 907 
375 8 0 894 1063 1076 907 895 1064 1077 908 
376 8 0 897 1066 1079 910 898 1067 1080 911 
377 8 0 898 1067 1080 911 899 1068 1081 912 
378 8 0 899 1068 1081 912 900 1069 1082 913 
379 8 0 900 1069 1082 913 901 1070 1083 914 
380 8 0 901 1070 1083 914 902 1071 1084 915 
381 8 0 902 1071 1084 915 903 1072 1085 916 
382 8 0 903 1072 1085 916 904 1073 1086 917 
383 8 0 904 1073 1086 917 905 1074 1087 918 
384 8 0 905 1074 1087 918 906 1075 1088 919 
385 8 0 906 1075 1088 919 907 1076 1089 920 
386 8 0 907 1076 1089 920 908 1077 1090 921 
387 8 0 908 1077 1090 921 909 1078 1091 922 
388 8 0 910 1079 1092 923 911 1080 1093 924 
389 8 0 911 1080 1093 924 912 1081 1094 925 
390 8 0 912 1081 1094 925 913 1082 1095 926 
391 8 0 913 1082 1095 926 914 1083 1096 927 
392 8 0 914 1083 1096 927 915 1084 1097 928 
393 8 0 915 1084 1097 928 916 1085 1098 929 
394 8 0 916 1085 1098 929 917 1086 1099 930 
395 8 0 917 1086 1099 930 918 1087 1100 931 
396 8 0 918 1087 1100 931 919 1088 1101 932 
397 8 0 919 1088 1101 932 920 1089 1102 933 
398 8 0 920 1089 1102 933 921 1090 1103 934 
399 8 0 921 1090 1103 934 922 1091 1104 935 
400 8 0 923 1092 1105 936 924 1093 1106 937 
401 8 0 924 1093 1106 937 925 1094 1107 938 
402 8 0 925 1094 1107 938 926 1095 1108 939 
403 8 0 926 1095 1108 939 927 1096 1109 940 
404 8 0 927 1096 1109 940 928 1097 1110 941 
405 8 0 928 1097 1110 941 929 1098 1111 942 
406 8 0 929 1098 1111 942 930 1099 1112 943 
407 8 0 930 1099 1112 943 931 1100 1113 944 
408 8 0 931 1100 1113 944 932 1101 1114 945 
409 8 0 932 1101 1114 945 933 1102 1115 946 
410 8 0 933 1102 1115 946 934 1103 1116 947 
411 8 0 934 1103 1116 947 935 1104 1117 948 
412 8 0 936 1105 1118 949 937 1106 1119 950 
413 8 0 937 1106 1119 950 938 1107 1120 951 
414 8 0 938 1107 1120 951 939 1108 1121 952 
415 8 0 939 1108 1121 952 940 1109 1122 953 
416 8 0 940 1109 1122 953 941 1110 1123 954 
417 8 0 941 1110 1123 954 942 1111 1124 955 
418 8 0 942 1111 1124 955 943 1112 1125 956 
419 8 0 943 1112 1125 956 944 1113 1126 957 
420 8 0 944 1113 1126 957 945 1114 1127 958 
421 8 0 945 1114 1127 958 946 1115 1128 959 
422 8 0 946 1115 1128 959 947 1116 1129 960 
423 8 0 947 1116 1129 960 948 1117 1130 961 
424 8 0 950 1119 1132 963 951 1120 1133 964 
425 8 0 951 1120 1133 964 952 1121 1134 965 
426 8 0 952 1121 1134 965 953 1122 1135 966 
427 8 0 953 1122 1135 966 954 1123 1136 967 
428 8 0 954 1123 1136 967 955 1124 1137 968 
429 8 0 955 1124 1137 968 956 1125 1138 969 
430 8 0 956 1125 1138 969 957 1126 1139 970 
431 8 0 957 1126 1139 970 958 1127 1140 971 
432 8 0 958 1127 1140 971 959 1128 1141 972 
433 8 0 959 1128 1141 972 960 1129 1142 973 
434 8 0 963 1132 1145 976 964 1133 1146 977 
435 8 0 964 1133 1146 977 965 1134 1147 978 
436 8 0 965 1134 1147 978 966 1135 1148 979 
437 8 0 966 1135 1148 979 967 1136 1149 980 
438 8 0 967 1136 1149 980 968 1137 1150 981 
439 8 0 968 1137 1150 981 969 1138 1151 982 
440 8 0 969 1138 1151 982 970 1139 1152 983 
441 8 0 970 1139 1152 983 971 1140 1153 984 
442 8 0 971 1140 1153 984 972 1141 1154 985 
443 8 0 972 1141 1154 985 973 1142 1155 986 
444 8 0 977 1146 1159 990 978 1147 1160 991 
445 8 0 978 1147 1160 991 979 1148 1161 992 
446 8 0 979 1148 1161 992 980 1149 1162 993 
447 8 0 980 1149 1162 993 981 1150 1163 994 
448 8 0 981 1150 1163 994 982 1151 1164 995 
449 8 0 982 1151 1164 995 983 1152 1165 996 
450 8 0 983 1152 1165 996 984 1153 1166 997 
451 8 0 984 1153 1166 997 985 1154 1167 998 
452 8 0 992 1161 1174 1005 993 1162 1175 1006 
453 8 0 993 1162 1175 1006 994 1163 1176 1007 
454 8 0 994 1163 1176 1007 995 1164 1177 1008 
455 8 0 995 1164 1177 1008 996 1165 1178 1009 
456 8 0 1018 1187 1200 1031 1019 1188 1201 1032 
457 8 0 1019 1188 1201 1032 1020 1189 1202 1033 
458 8 0 1020 1189 1202 1033 1021 1190 1203 1034 
459 8 0 1021 1190 1203 1034 1022 1191 1204 1035 
460 8 0 1029 1198 1211 1042 1030 1199 1212 1043 
461 8 0 1030 1199 1212 1043 1031 1200 1213 1044 
462 8 0 1031 1200 1213 1044 1032 1201 1214 1045 
463 8 0 1032 1201 1214 1045 1033 1202 1215 1046 
464 8 0 1033 1202 1215 1046 1034 1203 1216 1047 
465 8 0 1034 1203 1216 1047 1035 1204 1217 1048 
466 8 0 1035 1204 1217 1048 1036 1205 1218 1049 
467 8 0 1036 1205 1218 1049 1037 1206 1219 1050 
468 8 0 1041 1210 1223 1054 1042 1211 1224 1055 
469 8 0 1042 1211 1224 1055 1043 1212 1225 1056 
470 8 0 1043 1212 1225 1056 1044 1213 1226 1057 
471 8 0 1044 1213 1226 1057 1045 1214 1227 1058 
472 8 0 1045 1214 1227 1058 1046 1215 1228 1059 
473 8 0 1046 1215 1228 1059 1047 1216 1229 1060 
474 8 0 1047 1216 1229 1060 1048 1217 1230 1061 
475 8 0 1048 1217 1230 1061 1049 1218 1231 1062 
476 8 0 1049 1218 1231 1062 1050 1219 1232 1063 
477 8 0 1050 1219 1232 1063 1051 1220 1233 1064 
478 8 0 1054 1223 1236 1067 1055 1224 1237 1068 
479 8 0 1055 1224 1237 1068 1056 1225 1238 1069 
480 8 0 1056 1225 1238 1069 1057 1226 1239 1070 
481 8 0 1057 1226 1239 1070 1058 1227 1240 1071 
482 8 0 1058 1227 1240 1071 1059 1228 1241 1072 
483 8 0 1059 1228 1241 1072 1060 1229 1242 1073 
484 8 0 1060 1229 1242 1073 1061 1230 1243 1074 
485 8 0 1061 1230 1243 1074 1062 1231 1244 1075 
486 8 0 1062 1231 1244 1075 1063 1232 1245 1076 
487 8 0 1063 1232 1245 1076 1064 1233 1246 1077 
488 8 0 1066 1235 1248 1079 1067 1236 1249 1080 
489 8 0 1067 1236 1249 1080 1068 1237 1250 1081 
490 8 0 1068 1237 1250 1081 1069 1238 1251 1082 
491 8 0 1069 1238 1251 1082 1070 1239 1252 1083 
492 8 0 1070 1239 1252 1083 1071 1240 1253 1084 
493 8 0 1071 1240 1253 1084 1072 1241 1254 1085 
494 8 0 1072 1241 1254 1085 1073 1242 1255 1086 
495 8 0 1073 1242 1255 1086 1074 1243 1256 1087 
496 8 0 1074 1243 1256 1087 1075 1244 1257 1088 
497 8 0 1075 1244 1257 1088 1076 1245 1258 1089 
498 8 0 1076 1245 1258 1089 1077 1246 1259 1090 
499 8 0 1077 1246 1259 1090 1078 1247 1260 1091 
500 8 0 1079 1248 1261 1092 1080 1249 1262 1093 
501 8 0 1080 1249 1262 1093 1081 1250 1263 1094 
502 8 0 1081 1250 1263 1094 1082 1251 1264 1095 
503 8 0 1082 1251 1264 1095 1083 1252 1265 1096 
504 8 0 1083 1252 1265 1096 1084 1253 1266 1097 
505 8 0 1084 1253 1266 1097 1085 1254 1267 1098 
506 8 0 1085 1254 1267 1098 1086 1255 1268 1099 
507 8 0 1086 1255 1268 1099 1087 1256 1269 1100 
508 8 0 1087 1256 1269 1100 1088 1257 1270 1101 
509 8 0 1088 1257 1270 1101 1089 1258 1271 1102 
510 8 0 1089 1258 1271 1102 1090 1259 1272 1103 
511 8 0 1090 1259 1272 1103 1091 1260 1273 1104 
512 8 0 1092 1261 1274 1105 1093 1262 1275 1106 
513 8 0 1093 1262 1275 1106 1094 1263 1276 1107 
514 8 0 1094 1263 1276 1107 1095 1264 1277 1108 
515 8 0 1095 1264 1277 1108 1096 1265 1278 1109 
516 8 0 1096 1265 1278 1109 1097 1266 1279 1110 
517 8 0 1097 1266 1279 1110 1098 1267 1280 1111 
518 8 0 1098 1267 1280 1111 1099 1268 1281 1112 
519 8 0 1099 1268 1281 1112 1100 1269 1282 1113 
520 8 0 1100 1269 1282 1113 1101 1270 1283 1114 
521 8 0 1101 1270 1283 1114 1102 1271 1284 1115 
522 8 0 1102 1271 1284 1115 1103 1272 1285 1116 
523 8 0 1103 1272 1285 1116 1104 1273 1286 1117 
524 8 0 1105 1274 1287 1118 1106 1275 1288 1119 
525 8 0 1106 1275 1288 1119 1107 1276 1289 1120 
526 8 0 1107 1276 1289 1120 1108 1277 1290 1121 
527 8 0 1108 1277 1290 1121 1109 1278 1291 1122 
528 8 0 1109 1278 1291 1122 1110 1279 1292 1123 
529 8 0 1110 1279 1292 1123 1111 1280 1293 1124 
530 8 0 1111 1280 1293 1124 1112 1281 1294 1125 
531 8 0 1112 1281 1294 1125 1113 1282 1295 1126 
532 8 0 1113 1282 1295 1126 1114 1283 1296 1127 
533 8 0 1114 1283 1296 1127 1115 1284 1297 1128 
534 8 0 1115 1284 1297 1128 1116 1285 1298 1129 
535 8 0 1116 1285 1298 1129 1117 1286 1299 1130 
536 8 0 1119 1288 1301 1132 1120 1289 1302 1133 
537 8 0 1120 1289 1302 1133 1121 1290 1303 1134 
538 8 0 1121 1290 1303 1134 1122 1291 1304 1135 
539 8 0 1122 1291 1304 1135 1123 1292 1305 1136 
540 8 0 1123 1292 1305 1136 1124 1293 1306 1137 
541 8 0 1124 1293 1306 1137 1125 1294 1307 1138 
542 8 0 1125 1294 1307 1138 1126 1295 1308 1139 
543 8 0 1126 1295 1308 1139 1127 1296 1309 1140 
544 8 0 1127 1296 1309 1140 1128 1297 1310 1141 
545 8 0 1128 1297 1310 1141 1129 1298 1311 1142 
546 8 0 1132 1301 1314 1145 1133 1302 1315 1146 
547 8 0 1133 1302 1315 1146 1134 1303 1316 1147 
548 8 0 1134 1303 1316 1147 1135 1304 1317 1148 
549 8 0 1135 1304 1317 1148 1136 1305 1318 1149 
550 8 0 1136 1305 1318 1149 1137 1306 1319 1150 
551 8 0 1137 1306 1319 1150 1138 1307 1320 1151 
552 8 0 1138 1307 1320 1151 1139 1308 1321 1152 
553 8 0 1139 1308 1321 1152 1140 1309 1322 1153 
554 8 0 1140 1309 1322 1153 1141 1310 1323 1154 
555 8 0 1141 1310 1323 1154 1142 1311 1324 1155 
556 8 0 1146 1315 1328 1159 1147 1316 1329 1160 
557 8 0 1147 1316 1329 1160 1148 1317 1330 1161 
558 8 0 1148 1317 1330 1161 1149 1318 1331 1162 
559 8 0 1149 1318 1331 1162 1150 1319 1332 1163 
560 8 0 1150 1319 1332 1163 1151 1320 1333 1164 
561 8 0 1151 1320 1333 1164 1152 1321 1334 1165 
562 8 0 1152 1321 1334 1165 1153 1322 1335 1166 
563 8 0 1153 1322 1335 1166 1154 1323 1336 1167 
564 8 0 1161 1330 1343 1174 1162 1331 1344 1175 
565 8 0 1162 1331 1344 1175 1163 1332 1345 1176 
566 8 0 1163 1332 1345 1176 1164 1333 1346 1177 
567 8 0 1164 1333 1346 1177 1165 1334 1347 1178 
568 8 0 1187 1356 1369 1200 1188 1357 1370 1201 
569 8 0 1188 1357 1370 1201 1189 1358 1371 1202 
570 8 0 1189 1358 1371 1202 1190 1359 1372 1203 
571 8 0 1190 1359 1372 1203 1191 1360 1373 1204 
572 8 0 1198 1367 1380 1211 1199 1368 1381 1212 
573 8 0 1199 1368 1381 1212 1200 1369 1382 1213 
574 8 0 1200 1369 1382 1213 1201 1370 1383 1214 
575 8 0 1201 1370 1383 1214 1202 1371 1384 1215 
576 8 0 1202 1371 1384 1215 1203 1372 1385 1216 
577 8 0 1203 1372 1385 1216 1204 1373 1386 1217 
578 8 0 1204 1373 1386 1217 1205 1374 1387 1218 
579 8 0 1205 1374 1387 1218 1206 1375 1388 1219 
580 8 0 1210 1379 1392 1223 1211 1380 1393 1224 
581 8 0 1211 1380 1393 1224 1212 1381 1394 1225 
582 8 0 1212 1381 1394 1225 1213 1382 1395 1226 
583 8 0 1213 1382 1395 1226 1214 1383 1396 1227 
584 8 0 1214 1383 1396 1227 1215 1384 1397 1228 
585 8 0 1215 1384 1397 1228 1216 1385 1398 1229 
586 8 0 1216 1385 1398 1229 1217 1386 1399 1230 
587 8 0 1217 1386 1399 1230 1218 1387 1400 1231 
588 8 0 1218 1387 1400 1231 1219 1388 1401 1232 
589 8 0 1219 1388 1401 1232 1220 1389 1402 1233 
590 8 0 1223 1392 1405 1236 1224 1393 1406 1237 
591 8 0 1224 1393 1406 1237 1225 1394 1407 1238 
592 8 0 1225 1394 1407 1238 1226 1395 1408 1239 
593 8 0 1226 1395 1408 1239 1227 1396 1409 1240 
594 8 0 1227 1396 1409 1240 1228 1397 1410 1241 
595 8 0 1228 1397 1410 1241 1229 1398 1411 1242 
596 8 0 1229 1398 1411 1242 1230 1399 1412 1243 
597 8 0 1230 1399 1412 1243 1231 1400 1413 1244 
598 8 0 1231 1400 1413 1244 1232 1401 1414 1245 
599 8 0 1232 1401 1414 1245 1233 1402 1415 1246 
600 8 0 1235 1404 1417 1248 1236 1405 1418 1249 
601 8 0 1236 1405 1418 1249 1237 1406 1419 1250 
602 8 0 1237 1406 1419 1250 1238 1407 1420 1251 
603 8 0 1238 1407 1420 1251 1239 1408 1421 1252 
604 8 0 1239 1408 1421 1252 1240 1409 1422 1253 
605 8 0 1240 1409 1422 1253 1241 1410 1423 1254 
606 8 0 1241 1410 1423 1254 1242 1411 1424 1255 
607 8 0 1242 1411 1424 1255 1243 1412 1425 1256 
608 8 0 1243 1412 1425 1256 1244 1413 1426 1257 
609 8 0 1244 1413 1426 1257 1245 1414 1427 1258 
610 8 0 1245 1414 1427 1258 1246 1415 1428 1259 
611 8 0 1246 1415 1428 1259 1247 1416 1429 1260 
612 8 0 1248 1417 1430 1261 1249 1418 1431 1262 
613 8 0 1249 1418 1431 1262 1250 1419 1432 1263 
614 8 0 1250 1419 1432 1263 1251 1420 1433 1264 
615 8 0 1251 1420 1433 1264 1252 1421 1434 1265 
616 8 0 1252 1421 1434 1265 1253 1422 1435 1266 
617 8 0 1253 1422 1435 1266 1254 1423 1436 1267 
618 8 0 1254 1423 1436 1267 1255 1424 1437 1268 
619 8 0 1255 1424 1437 1268 1256 1425 1438 1269 
620 8 0 1256 1425 1438 1269 1257 1426 1439 1270 
621 8 0 1257 1426 1439 1270 1258 1427 1440 1271 
622 8 0 1258 1427 1440 1271 1259 1428 1441 1272 
623 8 0 1259 1428 1441 1272 1260 1429 1442 1273 
624 8 0 1261 1430 1443 1274 1262 1431 1444 1275 
625 8 0 1262 1431 1444 1275 1263 1432 1445 1276 
626 8 0 1263 1432 1445 1276 1264 1433 1446 1277 
627 8 0 1264 1433 1446 1277 1265 1434 1447 1278 
628 8 0 1265 1434 1447 1278 1266 1435 1448 1279 
629 8 0 1266 1435 1448 1279 1267 1436 1449 1280 
630 8 0 1267 1436 1449 1280 1268 1437 1450 1281 
631 8 0 1268 1437 1450 1281 1269 1438 1451 1282 
632 8 0 1269 1438 1451 1282 1270 1439 1452 1283 
633 8 0 1270 1439 1452 1283 1271 1440 1453 1284 
634 8 0 1271 1440 1453 1284 1272 1441 1454 1285 
635 8 0 1272 1441 1454 1285 1273 1442 1455 1286 
636 8 0 1274 1443 1456 1287 1275 1444 1457 1288 
637 8 0 1275 1444 1457 1288 1276 1445 1458 1289 
638 8 0 1276 1445 1458 1289 1277 1446 1459 1290 
639 8 0 1277 1446 1459 1290 1278 1447 1460 1291 
640 8 0 1278 1447 1460 1291 1279 1448 1461 1292 
641 8 0 1279 1448 1461 1292 1280 1449 1462 1293 
642 8 0 1280 1449 1462 1293 1281 1450 1463 1294 
643 8 0 1281 1450 1463 1294 1282 1451 1464 1295 
644 8 0 1282 1451 1464 1295 1283 1452 1465 1296 
645 8 0 1283 1452 1465 1296 1284 1453 1466 1297 
646 8 0 1284 1453 1466 1297 1285 1454 1467 1298 
647 8 0 1285 1454 1467 1298 1286 1455 1468 1299 
648 8 0 1288 1457 1470 1301 1289 1458 1471 1302 
649 8 0 1289 1458 1471 1302 1290 1459 1472 1303 
650 8 0 1290 1459 1472 1303 1291 1460 1473 1304 
651 8 0 1291 1460 1473 1304 1292 1461 1474 1305 
652 8 0 1292 1461 1474 1305 1293 1462 1475 1306 
653 8 0 1293 1462 1475 1306 1294 1463 1476 1307 
654 8 0 1294 1463 1476 1307 1295 1464 1477 1308 
655 8 0 1295 1464 1477 1308 1296 1465 1478 1309 
656 8 0 1296 1465 1478 1309 1297 1466 1479 1310 
657 8 0 1297 1466 1479 1310 1298 1467 1480 1311 
658 8 0 1301 1470 1483 1314 1302 1471 1484 1315 
659 8 0 1302 1471 1484 1315 1303 1472 1485 1316 
660 8 0 1303 1472 1485 1316 1304 1473 1486 1317 
661 8 0 1304 1473 1486 1317 1305 1474 1487 1318 
662 8 0 1305 1474 1487 1318 1306 1475 1488 1319 
663 8 0 1306 1475 1488 1319 1307 1476 1489 1320 
664 8 0 1307 1476 1489 1320 1308 1477 1490 1321 
665 8 0 1308 1477 1490 1321 1309 1478 1491 1322 
666 8 0 1309 1478 1491 1322 1310 1479 1492 1323 
667 8 0 1310 1479 1492 1323 1311 1480 1493 1324 
668 8 0 1315 1484 1497 1328 1316 1485 1498 1329 
669 8 0 1316 1485 1498 1329 1317 1486 1499 1330 
670 8 0 1317 1486 1499 1330 1318 1487 1500 1331 
671 8 0 1318 1487 1500 1331 1319 1488 1501 1332 
672 8 0 1319 1488 1501 1332 1320 1489 1502 1333 
673 8 0 1320 1489 1502 1333 1321 1490 1503 1334 
674 8 0 1321 1490 1503 1334 1322 1491 1504 1335 
675 8 0 1322 1491 1504 1335 1323 1492 1505 1336 
676 8 0 1330 1499 1512 1343 1331 1500 1513 1344 
677 8 0 1331 1500 1513 1344 1332 1501 1514 1345 
678 8 0 1332 1501 1514 1345 1333 1502 1515 1346 
679 8 0 1333 1502 1515 1346 1334 1503 1516 1347 
680 8 0 1368 1537 1550 1381 1369 1538 1551 1382 
681 8 0 1369 1538 1551 1382 1370 1539 1552 1383 
682 8 0 1370 1539 1552 1383 1371 1540 1553 1384 
683 8 0 1371 1540 1553 1384 1372 1541 1554 1385 
684 8 0 1372 1541 1554 1385 1373 1542 1555 1386 
685 8 0 1373 1542 1555 1386 1374 1543 1556 1387 
686 8 0 1380 1549 1562 1393 1381 1550 1563 1394 
687 8 0 1381 1550 1563 1394 1382 1551 1564 1395 
688 8 0 1382 1551 1564 1395 1383 1552 1565 1396 
689 8 0 1383 1552 1565 1396 1384 1553 1566 1397 
690 8 0 1384 1553 1566 1397 1385 1554 1567 1398 
691 8 0 1385 1554 1567 1398 1386 1555 1568 1399 
692 8 0 1386 1555 1568 1399 1387 1556 1569 1400 
693 8 0 1387 1556 1569 1400 1388 1557 1570 1401 
694 8 0 1392 1561 1574 1405 1393 1562 1575 1406 
695 8 0 1393 1562 1575 1406 1394 1563 1576 1407 
696 8 0 1394 1563 1576 1407 1395 1564 1577 1408 
697 8 0 1395 1564 1577 1408 1396 1565 1578 1409 
698 8 0 1396 1565 1578 1409 1397 1566 1579 1410 
699 8 0 1397 1566 1579 1410 1398 1567 1580 1411 
700 8 0 1398 1567 1580 1411 1399 1568 1581 1412 
701 8 0 1399 1568 1581 1412 1400 1569 1582 1413 
702 8 0 1400 1569 1582 1413 1401 1570 1583 1414 
703 8 0 1401 1570 1583 1414 1402 1571 1584 1415 
704 8 0 1405 1574 1587 1418 1406 1575 1588 1419 
705 8 0 1406 1575 1588 1419 1407 1576 1589 1420 
706 8 0 1407 1576 1589 1420 1408 1577 1590 1421 
707 8 0 1408 1577 1590 1421 1409 1578 1591 1422 
708 8 0 1409 1578 1591 1422 1410 1579 1592 1423 
709 8 0 1410 1579 1592 1423 1411 1580 1593 1424 
710 8 0 1411 1580 1593 1424 1412 1581 1594 1425 
711 8 0 1412 1581 1594 1425 1413 1582 1595 1426 
712 8 0 1413 1582 1595 1426 1414 1583 1596 1427 
713 8 0 1414 1583 1596 1427 1415 1584 1597 1428 
714 8 0 1418 1587 1600 1431 1419 1588 1601 1432 
715 8 0 1419 1588 1601 1432 1420 1589 1602 1433 
716 8 0 1420 1589 1602 1433 1421 1590 1603 1434 
717 8 0 1421 1590 1603 1434 1422 1591 1604 1435 
718 8 0 1422 1591 1604 1435 1423 1592 1605 1436 
719 8 0 1423 1592 1605 1436 1424 1593 1606 1437 
720 8 0 1424 1593 1606 1437 1425 1594 1607 1438 
721 8 0 1425 1594 1607 1438 1426 1595 1608 1439 
722 8 0 1426 1595 1608 1439 1427 1596 1609 1440 
723 8 0 1427 1596 1609 1440 1428 1597 1610 1441 
724 8 0 1431 1600 1613 1444 1432 1601 1614 1445 
725 8 0 1432 1601 1614 1445 1433 1602 1615 1446 
726 8 0 1433 1602 1615 1446 1434 1603 1616 1447 
727 8 0 1434 1603 1616 1447 1435 1604 1617 1448 
728 8 0 1435 1604 1617 1448 1436 1605 1618 1449 
729 8 0 1436 1605 1618 1449 1437 1606 1619 1450 
730 8 0 1437 1606 1619 1450 1438 1607 1620 1451 
731 8 0 1438 1607 1620 1451 1439 1608 1621 1452 
732 8 0 1439 1608 1621 1452 1440 1609 1622 1453 
733 8 0 1440 1609 1622 1453 1441 1610 1623 1454 
734 8 0 1444 1613 1626 1457 1445 1614 1627 1458 
735 8 0 1445 1614 1627 1458 1446 1615 1628 1459 
736 8 0 1446 1615 1628 1459 1447 1616 1629 1460 
737 8 0 1447 1616 1629 1460 1448 1617 1630 1461 
738 8 0 1448 1617 1630 1461 1449 1618 1631 1462 
739 8 0 1449 1618 1631 1462 1450 1619 1632 1463 
740 8 0 1450 1619 1632 1463 1451 1620 1633 1464 
741 8 0 1451 1620 1633 1464 1452 1621 1634 1465 
742 8 0 1452 1621 1634 1465 1453 1622 1635 1466 
743 8 0 1453 1622 1635 1466 1454 1623 1636 1467 
744 8 0 1457 1626 1639 1470 1458 1627 1640 1471 
745 8 0 1458 1627 1640 1471 1459 1628 1641 1472 
746 8 0 1459 1628 1641 1472 1460 1629 1642 1473 
747 8 0 1460 1629 1642 1473 1461 1630 1643 1474 
748 8 0 1461 1630 1643 1474 1462 1631 1644 1475 
749 8 0 1462 1631 1644 1475 1463 1632 1645 1476 
750 8 0 1463 1632 1645 1476 1464 1633 1646 1477 
751 8 0 1464 1633 1646 1477 1465 1634 1647 1478 
752 8 0 1465 1634 1647 1478 1466 1635 1648 1479 
753 8 0 1466 1635 1648 1479 1467 1636 1649 1480 
754 8 0 1471 1640 1653 1484 1472 1641 1654 1485 
755 8 0 1472 1641 1654 1485 1473 1642 1655 1486 
756 8 0 1473 1642 1655 1486 1474 1643 1656 1487 
757 8 0 1474 1643 1656 1487 1475 1644 1657 1488 
758 8 0 1475 1644 1657 1488 1476 1645 1658 1489 
759 8 0 1476 1645 1658 1489 1477 1646 1659 1490 
760 8 0 1477 1646 1659 1490 1478 1647 1660 1491 
761 8 0 1478 1647 1660 1491 1479 1648 1661 1492 
762 8 0 1485 1654 1667 1498 1486 1655 1668 1499 
763 8 0 1486 1655 1668 1499 1487 1656 1669 1500 
764 8 0 1487 1656 1669 1500 1488 1657 1670 1501 
765 8 0 1488 1657 1670 1501 1489 1658 1671 1502 
766 8 0 1489 1658 1671 1502 1490 1659 1672 1503 
767 8 0 1490 1659 1672 1503 1491 1660 1673 1504 
768 8 0 1538 1707 1720 1551 1539 1708 1721 1552 
769 8 0 1539 1708 1721 1552 1540 1709 1722 1553 
770 8 0 1540 1709 1722 1553 1541 1710 1723 1554 
771 8 0 1541 1710 1723 1554 1542 1711 1724 1555 
772 8 0 1550 1719 1732 1563 1551 1720 1733 1564 
773 8 0 1551 1720 1733 1564 1552 1721 1734 1565 
774 8 0 1552 1721 1734 1565 1553 1722 1735 1566 
775 8 0 1553 1722 1735 1566 1554 1723 1736 1567 
776 8 0 1554 1723 1736 1567 1555 1724 1737 1568 
777 8 0 1555 1724 1737 1568 1556 1725 1738 1569 
778 8 0 1562 1731 1744 1575 1563 1732 1745 1576 
779 8 0 1563 1732 1745 1576 1564 1733 1746 1577 
780 8 0 1564 1733 1746 1577 1565 1734 1747 1578 
781 8 0 1565 1734 1747 1578 1566 1735 1748 1579 
782 8 0 1566 1735 1748 1579 1567 1736 1749 1580 
783 8 0 1567 1736 1749 1580 1568 1737 1750 1581 
784 8 0 1568 1737 1750 1581 1569 1738 1751 1582 
785 8 0 1569 1738 1751 1582 1570 1739 1752 1583 
786 8 0 1574 1743 1756 1587 1575 1744 1757 1588 
787 8 0 1575 1744 1757 1588 1576 1745 1758 1589 
788 8 0 1576 1745 1758 1589 1577 1746 1759 1590 
789 8 0 1577 1746 1759 1590 1578 1747 1760 1591 
790 8 0 1578 1747 1760 1591 1579 1748 1761 1592 
791 8 0 1579 1748 1761 1592 1580 1749 1762 1593 
792 8 0 1580 1749 1762 1593 1581 1750 1763 1594 
793 8 0 1581 1750 1763 1594 1582 1751 1764 1595 
794 8 0 1582 1751 1764 1595 1583 1752 1765 1596 
795 8 0 1583 1752 1765 1596 1584 1753 1766 1597 
796 8 0 1587 1756 1769 1600 1588 1757 1770 1601 
797 8 0 1588 1757 1770 1601 1589 1758 1771 1602 
798 8 0 1589 1758 1771 1602 1590 1759 1772 1603 
799 8 0 1590 1759 1772 1603 1591 1760 1773 1604 
800 8 0 1591 1760 1773 1604 1592 1761 1774 1605 
801 8 0 1592 1761 1774 1605 1593 1762 1775 1606 
802 8 0 1593 1762 1775 1606 1594 1763 1776 1607 
803 8 0 1594 1763 1776 1607 1595 1764 1777 1608 
804 8 0 1595 1764 1777 1608 1596 1765 1778 1609 
805 8 0 1596 1765 1778 1609 1597 1766 1779 1610 
806 8 0 1600 1769 1782 1613 1601 1770 1783 1614 
807 8 0 1601 1770 1783 1614 1602 1771 1784 1615 
808 8 0 1602 1771 1784 1615 1603 1772 1785 1616 
809 8 0 1603 1772 1785 1616 1604 1773 1786 1617 
810 8 0 1604 1773 1786 1617 1605 1774 1787 1618 
811 8 0 1605 1774 1787 1618 1606 1775 1788 1619 
812 8 0 1606 1775 1788 1619 1607 1776 1789 1620 
813 8 0 1607 1776 1789 1620 1608 1777 1790 1621 
814 8 0 1608 1777 1790 1621 1609 1778 1791 1622 
815 8 0 1609 1778 1791 1622 1610 1779 1792 1623 
816 8 0 1613 1782 1795 1626 1614 1783 1796 1627 
817 8 0 1614 1783 1796 1627 1615 1784 1797 1628 
818 8 0 1615 1784 1797 1628 1616 1785 1798 1629 
819 8 0 1616 1785 1798 1629 1617 1786 1799 1630 
820 8 0 1617 1786 1799 1630 1618 1787 1800 1631 
821 8 0 1618 1787 1800 1631 1619 1788 1801 1632 
822 8 0 1619 1788 1801 1632 1620 1789 1802 1633 
823 8 0 1620 1789 1802 1633 1621 1790 1803 1634 
824 8 0 1621 1790 1803 1634 1622 1791 1804 1635 
825 8 0 1622 1791 1804 1635 1623 1792 1805 1636 
826 8 0 1627 1796 1809 1640 1628 1797 1810 1641 
827 8 0 1628 1797 1810 1641 1629 1798 1811 1642 
828 8 0 1629 1798 1811 1642 1630 1799 1812 1643 
829 8 0 1630 1799 1812 1643 1631 1800 1813 1644 
830 8 0 1631 1800 1813 1644 1632 1801 1814 1645 
831 8 0 1632 1801 1814 1645 1633 1802 1815 1646 
832 8 0 1633 1802 1815 1646 1634 1803 1816 1647 
833 8 0 1634 1803 1816 1647 1635 1804 1817 1648 
834 8 0 1641 1810 1823 1654 1642 1811 1824 1655 
835 8 0 1642 1811 1824 1655 1643 1812 1825 1656 
836 8 0 1643 1812 1825 1656 1644 1813 1826 1657 
837 8 0 1644 1813 1826 1657 1645 1814 1827 1658 
838 8 0 1645 1814 1827 1658 1646 1815 1828 1659 
839 8 0 1646 1815 1828 1659 1647 1816 1829 1660 
840 8 0 1655 1824 1837 1668 1656 1825 1838 1669 
841 8 0 1656 1825 1838 1669 1657 1826 1839 1670 
842 8 0 1657 1826 1839 1670 1658 1827 1840 1671 
843 8 0 1658 1827 1840 1671 1659 1828 1841 1672 
844 8 0 1720 1889 1902 1733 1721 1890 1903 1734 
845 8 0 1721 1890 1903 1734 1722 1891 1904 1735 
846 8 0 1722 1891 1904 1735 1723 1892 1905 1736 
847 8 0 1723 1892 1905 1736 1724 1893 1906 1737 
848 8 0 1732 1901 1914 1745 1733 1902 1915 1746 
849 8 0 1733 1902 1915 1746 1734 1903 1916 1747 
850 8 0 1734 1903 1916 1747 1735 1904 1917 1748 
851 8 0 1735 1904 1917 1748 1736 1905 1918 1749 
852 8 0 1736 1905 1918 1749 1737 1906 1919 1750 
853 8 0 1737 1906 1919 1750 1738 1907 1920 1751 
854 8 0 1744 1913 1926 1757 1745 1914 1927 1758 
855 8 0 1745 1914 1927 1758 1746 1915 1928 1759 
856 8 0 1746 1915 1928 1759 1747 1916 1929 1760 
857 8 0 1747 1916 1929 1760 1748 1917 1930 1761 
858 8 0 1748 1917 1930 1761 1749 1918 1931 1762 
859 8 0 1749 1918 1931 1762 1750 1919 1932 1763 
860 8 0 1750 1919 1932 1763 1751 1920 1933 1764 
861 8 0 1751 1920 1933 1764 1752 1921 1934 1765 
862 8 0 1757 1926 1939 1770 1758 1927 1940 1771 
863 8 0 1758 1927 1940 1771 1759 1928 1941 1772 
864 8 0 1759 1928 1941 1772 1760 1929 1942 1773 
865 8 0 1760 1929 1942 1773 1761 1930 1943 1774 
866 8 0 1761 1930 1943 1774 1762 1931 1944 1775 
867 8 0 1762 1931 1944 1775 1763 1932 1945 1776 
868 8 0 1763 1932 1945 1776 1764 1933 1946 1777 
869 8 0 1764 1933 1946 1777 1765 1934 1947 1778 
870 8 0 1770 1939 1952 1783 1771 1940 1953 1784 
871 8 0 1771 1940 1953 1784 1772 1941 1954 1785 
872 8 0 1772 1941 1954 1785 1773 1942 1955 1786 
873 8 0 1773 1942 1955 1786 1774 1943 1956 1787 
874 8 0 1774 1943 1956 1787 1775 1944 1957 1788 
875 8 0 1775 1944 1957 1788 1776 1945 1958 1789 
876 8 0 1776 1945 1958 1789 1777 1946 1959 1790 
877 8 0 1777 1946 1959 1790 1778 1947 1960 1791 
878 8 0 1783 1952 1965 1796 1784 1953 1966 1797 
879 8 0 1784 1953 1966 1797 1785 1954 1967 1798 
880 8 0 1785 1954 1967 1798 1786 1955 1968 1799 
881 8 0 1786 1955 1968 1799 1787 1956 1969 1800 
882 8 0 1787 1956 1969 1800 1788 1957 1970 1801 
883 8 0 1788 1957 1970 1801 1789 1958 1971 1802 
884 8 0 1789 1958 1971 1802 1790 1959 1972 1803 
885 8 0 1790 1959 1972 1803 1791 1960 1973 1804 
886 8 0 1797 1966 1979 1810 1798 1967 1980 1811 
887 8 0 1798 1967 1980 1811 1799 1968 1981 1812 
888 8 0 1799 1968 1981 1812 1800 1969 1982 1813 
889 8 0 1800 1969 1982 1813 1801 1970 1983 1814 
890 8 0 1801 1970 1983 1814 1802 1971 1984 1815 
891 8 0 1802 1971 1984 1815 1803 1972 1985 1816 
892 8 0 1811 1980 1993 1824 1812 1981 1994 1825 
893 8 0 1812 1981 1994 1825 1813 1982 1995 1826 
894 8 0 1813 1982 1995 1826 1814 1983 1996 1827 
895 8 0 1814 1983 1996 1827 1815 1984 1997 1828 
896 8 0 1915 2084 2097 1928 1916 2085 2098 1929 
897 8 0 1916 2085 2098 1929 1917 2086 2099 1930 
898 8 0 1917 2086 2099 1930 1918 2087 2100 1931 
899 8 0 1918 2087 2100 1931 1919 2088 2101 1932 
900 8 0 1928 2097 2110 1941 1929 2098 2111 1942 
901 8 0 1929 2098 2111 1942 1930 2099 2112 1943 
902 8 0 1930 2099 2112 1943 1931 2100 2113 1944 
903 8 0 1931 2100 2113 1944 1932 2101 2114 1945 
904 8 0 1941 2110 2123 1954 1942 2111 2124 1955 
905 8 0 1942 2111 2124 1955 1943 2112 2125 1956 
906 8 0 1943 2112 2125 1956 1944 2113 2126 1957 
907 8 0 1944 2113 2126 1957 1945 2114 2127 1958 
908 8 0 1954 2123 2136 1967 1955 2124 2137 1968 
909 8 0 1955 2124 2137 1968 1956 2125 2138 1969 
910 8 0 1956 2125 2138 1969 1957 2126 2139 1970 
911 8 0 1957 2126 2139 1970 1958 2127 2140 1971 
912 6 0 
912 912 28 4 912 1 
0 912 29 5 912 2 
1 912 30 6 912 3 
2 912 31 7 912 912 
912 0 36 8 912 5 
4 1 37 9 912 6 
5 2 38 10 912 7 
6 3 39 11 912 912 
912 4 44 12 912 9 
8 5 45 13 912 10 
9 6 46 14 912 11 
10 7 47 15 912 912 
912 8 52 912 912 13 
12 9 53 912 912 14 
13 10 54 912 912 15 
14 11 55 912 912 912 
912 912 73 21 912 17 
16 912 74 22 912 18 
17 912 75 23 912 19 
18 912 76 24 912 912 
912 912 79 27 912 21 
20 16 80 28 912 22 
21 17 81 29 912 23 
22 18 82 30 912 24 
23 19 83 31 912 25 
24 912 84 32 912 912 
912 912 87 34 912 27 
26 20 88 35 912 28 
27 21 89 36 0 29 
28 22 90 37 1 30 
29 23 91 38 2 31 
30 24 92 39 3 32 
31 25 93 40 912 33 
32 912 94 41 912 912 
912 26 97 42 912 35 
34 27 98 43 912 36 
35 28 99 44 4 37 
36 29 100 45 5 38 
37 30 101 46 6 39 
38 31 102 47 7 40 
39 32 103 48 912 41 
40 33 104 49 912 912 
912 34 107 50 912 43 
42 35 108 51 912 44 
43 36 109 52 8 45 
44 37 110 53 9 46 
45 38 111 54 10 47 
46 39 112 55 11 48 
47 40 113 56 912 49 
48 41 114 57 912 912 
912 42 117 912 912 51 
50 43 118 58 912 52 
51 44 119 59 12 53 
52 45 120 60 13 54 
53 46 121 61 14 55 
54 47 122 62 15 56 
55 48 123 63 912 57 
56 49 124 912 912 912 
912 51 127 912 912 59 
58 52 128 64 912 60 
59 53 129 65 912 61 
60 54 130 66 912 62 
61 55 131 67 912 63 
62 56 132 912 912 912 
912 59 135 912 912 65 
64 60 136 912 912 66 
65 61 137 912 912 67 
66 62 138 912 912 912 
912 912 145 73 912 69 
68 912 146 74 912 70 
69 912 147 75 912 71 
70 912 148 76 912 912 
912 912 151 79 912 73 
72 68 152 80 16 74 
73 69 153 81 17 75 
74 70 154 82 18 76 
75 71 155 83 19 77 
76 912 156 84 912 912 
912 912 159 87 912 79 
78 72 160 88 20 80 
79 73 161 89 21 81 
80 74 162 90 22 82 
81 75 163 91 23 83 
82 76 164 92 24 84 
83 77 165 93 25 85 
84 912 166 94 912 912 
912 912 168 96 912 87 
86 78 169 97 26 88 
87 79 170 98 27 89 
88 80 171 99 28 90 
89 81 172 100 29 91 
90 82 173 101 30 92 
91 83 174 102 31 93 
92 84 175 103 32 94 
93 85 176 104 33 95 
94 912 177 105 912 912 
912 86 178 106 912 97 
96 87 179 107 34 98 
97 88 180 108 35 99 
98 89 181 109 36 100 
99 90 182 110 37 101 
100 91 183 111 38 102 
101 92 184 112 39 103 
102 93 185 113 40 104 
103 94 186 114 41 105 
104 95 187 115 912 912 
912 96 188 116 912 107 
106 97 189 117 42 108 
107 98 190 118 43 109 
108 99 191 119 44 110 
109 100 192 120 45 111 
110 101 193 121 46 112 
111 102 194 122 47 113 
112 103 195 123 48 114 
113 104 196 124 49 115 
114 105 197 125 912 912 
912 106 198 912 912 117 
116 107 199 126 50 118 
117 108 200 127 51 119 
118 109 201 128 52 120 
119 110 202 129 53 121 
120 111 203 130 54 122 
121 112 204 131 55 123 
122 113 205 132 56 124 
123 114 206 133 57 125 
124 115 207 912 912 912 
912 117 209 912 912 127 
126 118 210 134 58 128 
127 119 211 135 59 129 
128 120 212 136 60 130 
129 121 213 137 61 131 
130 122 214 138 62 132 
131 123 215 139 63 133 
132 124 216 912 912 912 
912 127 219 912 912 135 
134 128 220 140 64 136 
135 129 221 141 65 137 
136 130 222 142 66 138 
137 131 223 143 67 139 
138 132 224 912 912 912 
912 135 227 912 912 141 
140 136 228 912 912 142 
141 137 229 912 912 143 
142 138 230 912 912 912 
912 912 237 151 912 145 
144 912 238 152 68 146 
145 912 239 153 69 147 
146 912 240 154 70 148 
147 912 241 155 71 149 
148 912 242 156 912 912 
912 912 245 159 912 151 
150 144 246 160 72 152 
151 145 247 161 73 153 
152 146 248 162 74 154 
153 147 249 163 75 155 
154 148 250 164 76 156 
155 149 251 165 77 157 
156 912 252 166 912 912 
912 912 254 168 912 159 
158 150 255 169 78 160 
159 151 256 170 79 161 
160 152 257 171 80 162 
161 153 258 172 81 163 
162 154 259 173 82 164 
163 155 260 174 83 165 
164 156 261 175 84 166 
165 157 262 176 85 167 
166 912 263 177 912 912 
912 158 265 178 86 169 
168 159 266 179 87 170 
169 160 267 180 88 171 
170 161 268 181 89 172 
171 162 269 182 90 173 
172 163 270 183 91 174 
173 164 271 184 92 175 
174 165 272 185 93 176 
175 166 273 186 94 177 
176 167 274 187 95 912 
912 168 277 188 96 179 
178 169 278 189 97 180 
179 170 279 190 98 181 
180 171 280 191 99 182 
181 172 281 192 100 183 
182 173 282 193 101 184 
183 174 283 194 102 185 
184 175 284 195 103 186 
185 176 285 196 104 187 
186 177 286 197 105 912 
912 178 289 198 106 189 
188 179 290 199 107 190 
189 180 291 200 108 191 
190 181 292 201 109 192 
191 182 293 202 110 193 
192 183 294 203 111 194 
193 184 295 204 112 195 
194 185 296 205 113 196 
195 186 297 206 114 197 
196 187 298 207 115 912 
912 188 301 208 116 199 
198 189 302 209 117 200 
199 190 303 210 118 201 
200 191 304 211 119 202 
201 192 305 212 120 203 
202 193 306 213 121 204 
203 194 307 214 122 205 
204 195 308 215 123 206 
205 196 309 216 124 207 
206 197 310 217 125 912 
912 198 312 912 912 209 
208 199 313 218 126 210 
209 200 314 219 127 211 
210 201 315 220 128 212 
211 202 316 221 129 213 
212 203 317 222 130 214 
213 204 318 223 131 215 
214 205 319 224 132 216 
215 206 320 225 133 217 
216 207 321 912 912 912 
912 209 323 912 912 219 
218 210 324 226 134 220 
219 211 325 227 135 221 
220 212 326 228 136 222 
221 213 327 229 137 223 
222 214 328 230 138 224 
223 215 329 231 139 225 
224 216 330 912 912 912 
912 219 333 912 912 227 
226 220 334 912 140 228 
227 221 335 912 141 229 
228 222 336 912 142 230 
229 223 337 912 143 231 
230 224 338 912 912 912 
912 912 344 238 912 233 
232 912 345 239 912 234 
233 912 346 240 912 235 
234 912 347 241 912 912 
912 912 348 245 912 237 
236 912 349 246 144 238 
237 232 350 247 145 239 
238 233 351 248 146 240 
239 234 352 249 147 241 
240 235 353 250 148 242 
241 912 354 251 149 243 
242 912 355 252 912 912 
912 912 356 254 912 245 
244 236 357 255 150 246 
245 237 358 256 151 247 
246 238 359 257 152 248 
247 239 360 258 153 249 
248 240 361 259 154 250 
249 241 362 260 155 251 
250 242 363 261 156 252 
251 243 364 262 157 253 
252 912 365 263 912 912 
912 244 366 265 158 255 
254 245 367 266 159 256 
255 246 368 267 160 257 
256 247 369 268 161 258 
257 248 370 269 162 259 
258 249 371 270 163 260 
259 250 372 271 164 261 
260 251 373 272 165 262 
261 252 374 273 166 263 
262 253 375 274 167 912 
912 912 376 276 912 265 
264 254 377 277 168 266 
265 255 378 278 169 267 
266 256 379 279 170 268 
267 257 380 280 171 269 
268 258 381 281 172 270 
269 259 382 282 173 271 
270 260 383 283 174 272 
271 261 384 284 175 273 
272 262 385 285 176 274 
273 263 386 286 177 275 
274 912 387 287 912 912 
912 264 388 288 912 277 
276 265 389 289 178 278 
277 266 390 290 179 279 
278 267 391 291 180 280 
279 268 392 292 181 281 
280 269 393 293 182 282 
281 270 394 294 183 283 
282 271 395 295 184 284 
283 272 396 296 185 285 
284 273 397 297 186 286 
285 274 398 298 187 287 
286 275 399 299 912 912 
912 276 400 300 912 289 
288 277 401 301 188 290 
289 278 402 302 189 291 
290 279 403 303 190 292 
291 280 404 304 191 293 
292 281 405 305 192 294 
293 282 406 306 193 295 
294 283 407 307 194 296 
295 284 408 308 195 297 
296 285 409 309 196 298 
297 286 410 310 197 299 
298 287 411 311 912 912 
912 288 412 912 912 301 
300 289 413 312 198 302 
301 290 414 313 199 303 
302 291 415 314 200 304 
303 292 416 315 201 305 
304 293 417 316 202 306 
305 294 418 317 203 307 
306 295 419 318 204 308 
307 296 420 319 205 309 
308 297 421 320 206 310 
309 298 422 321 207 311 
310 299 423 912 912 912 
912 301 424 322 208 313 
312 302 425 323 209 314 
313 303 426 324 210 315 
314 304 427 325 211 316 
315 305 428 326 212 317 
316 306 429 327 213 318 
317 307 430 328 214 319 
318 308 431 329 215 320 
319 309 432 330 216 321 
320 310 433 331 217 912 
912 312 434 912 912 323 
322 313 435 332 218 324 
323 314 436 333 219 325 
324 315 437 334 220 326 
325 316 438 335 221 327 
326 317 439 336 222 328 
327 318 440 337 223 329 
328 319 441 338 224 330 
329 320 442 339 225 331 
330 321 443 912 912 912 
912 323 444 912 912 333 
332 324 445 912 226 334 
333 325 446 340 227 335 
334 326 447 341 228 336 
335 327 448 342 229 337 
336 328 449 343 230 338 
337 329 450 912 231 339 
338 330 451 912 912 912 
912 334 452 912 912 341 
340 335 453 912 912 342 
341 336 454 912 912 343 
342 337 455 912 912 912 
912 912 456 350 232 345 
344 912 457 351 233 346 
345 912 458 352 234 347 
346 912 459 353 235 912 
912 912 460 357 236 349 
348 912 461 358 237 350 
349 344 462 359 238 351 
350 345 463 360 239 352 
351 346 464 361 240 353 
352 347 465 362 241 354 
353 912 466 363 242 355 
354 912 467 364 243 912 
912 912 468 366 244 357 
356 348 469 367 245 358 
357 349 470 368 246 359 
358 350 471 369 247 360 
359 351 472 370 248 361 
360 352 473 371 249 362 
361 353 474 372 250 363 
362 354 475 373 251 364 
363 355 476 374 252 365 
364 912 477 375 253 912 
912 356 478 377 254 367 
366 357 479 378 255 368 
367 358 480 379 256 369 
368 359 481 380 257 370 
369 360 482 381 258 371 
370 361 483 382 259 372 
371 362 484 383 260 373 
372 363 485 384 261 374 
373 364 486 385 262 375 
374 365 487 386 263 912 
912 912 488 388 264 377 
376 366 489 389 265 378 
377 367 490 390 266 379 
378 368 491 391 267 380 
379 369 492 392 268 381 
380 370 493 393 269 382 
381 371 494 394 270 383 
382 372 495 395 271 384 
383 373 496 396 272 385 
384 374 497 397 273 386 
385 375 498 398 274 387 
386 912 499 399 275 912 
912 376 500 400 276 389 
388 377 501 401 277 390 
389 378 502 402 278 391 
390 379 503 403 279 392 
391 380 504 404 280 393 
392 381 505 405 281 394 
393 382 506 406 282 395 
394 383 507 407 283 396 
395 384 508 408 284 397 
396 385 509 409 285 398 
397 386 510 410 286 399 
398 387 511 411 287 912 
912 388 512 412 288 401 
400 389 513 413 289 402 
401 390 514 414 290 403 
402 391 515 415 291 404 
403 392 516 416 292 405 
404 393 517 417 293 406 
405 394 518 418 294 407 
406 395 519 419 295 408 
407 396 520 420 296 409 
408 397 521 421 297 410 
409 398 522 422 298 411 
410 399 523 423 299 912 
912 400 524 912 300 413 
412 401 525 424 301 414 
413 402 526 425 302 415 
414 403 527 426 303 416 
415 404 528 427 304 417 
416 405 529 428 305 418 
417 406 530 429 306 419 
418 407 531 430 307 420 
419 408 532 431 308 421 
420 409 533 432 309 422 
421 410 534 433 310 423 
422 411 535 912 311 912 
912 413 536 434 312 425 
424 414 537 435 313 426 
425 415 538 436 314 427 
426 416 539 437 315 428 
427 417 540 438 316 429 
428 418 541 439 317 430 
429 419 542 440 318 431 
430 420 543 441 319 432 
431 421 544 442 320 433 
432 422 545 443 321 912 
912 424 546 912 322 435 
434 425 547 444 323 436 
435 426 548 445 324 437 
436 427 549 446 325 438 
437 428 550 447 326 439 
438 429 551 448 327 440 
439 430 552 449 328 441 
440 431 553 450 329 442 
441 432 554 451 330 443 
442 433 555 912 331 912 
912 435 556 912 332 445 
444 436 557 912 333 446 
445 437 558 452 334 447 
446 438 559 453 335 448 
447 439 560 454 336 449 
448 440 561 455 337 450 
449 441 562 912 338 451 
450 442 563 912 339 912 
912 446 564 912 340 453 
452 447 565 912 341 454 
453 448 566 912 342 455 
454 449 567 912 343 912 
912 912 568 462 344 457 
456 912 569 463 345 458 
457 912 570 464 346 459 
458 912 571 465 347 912 
912 912 572 469 348 461 
460 912 573 470 349 462 
461 456 574 471 350 463 
462 457 575 472 351 464 
463 458 576 473 352 465 
464 459 577 474 353 466 
465 912 578 475 354 467 
466 912 579 476 355 912 
912 912 580 478 356 469 
468 460 581 479 357 470 
469 461 582 480 358 471 
470 462 583 481 359 472 
471 463 584 482 360 473 
472 464 585 483 361 474 
473 465 586 484 362 475 
474 466 587 485 363 476 
475 467 588 486 364 477 
476 912 589 487 365 912 
912 468 590 489 366 479 
478 469 591 490 367 480 
479 470 592 491 368 481 
480 471 593 492 369 482 
481 472 594 493 370 483 
482 473 595 494 371 484 
483 474 596 495 372 485 
484 475 597 496 373 486 
485 476 598 497 374 487 
486 477 599 498 375 912 
912 912 600 500 376 489 
488 478 601 501 377 490 
489 479 602 502 378 491 
490 480 603 503 379 492 
491 481 604 504 380 493 
492 482 605 505 381 494 
493 483 606 506 382 495 
494 484 607 507 383 496 
495 485 608 508 384 497 
496 486 609 509 385 498 
497 487 610 510 386 499 
498 912 611 511 387 912 
912 488 612 512 388 501 
500 489 613 513 389 502 
501 490 614 514 390 503 
502 491 615 515 391 504 
503 492 616 516 392 505 
504 493 617 517 393 506 
505 494 618 518 394 507 
506 495 619 519 395 508 
507 496 620 520 396 509 
508 497 621 521 397 510 
509 498 622 522 398 511 
510 499 623 523 399 912 
912 500 624 524 400 513 
512 501 625 525 401 514 
513 502 626 526 402 515 
514 503 627 527 403 516 
515 504 628 528 404 517 
516 505 629 529 405 518 
517 506 630 530 406 519 
518 507 631 531 407 520 
519 508 632 532 408 521 
520 509 633 533 409 522 
521 510 634 534 410 523 
522 511 635 535 411 912 
912 512 636 912 412 525 
524 513 637 536 413 526 
525 514 638 537 414 527 
526 515 639 538 415 528 
527 516 640 539 416 529 
528 517 641 540 417 530 
529 518 642 541 418 531 
530 519 643 542 419 532 
531 520 644 543 420 533 
532 521 645 544 421 534 
533 522 646 545 422 535 
534 523 647 912 423 912 
912 525 648 546 424 537 
536 526 649 547 425 538 
537 527 650 548 426 539 
538 528 651 549 427 540 
539 529 652 550 428 541 
540 530 653 551 429 542 
541 531 654 552 430 543 
542 532 655 553 431 544 
543 533 656 554 432 545 
544 534 657 555 433 912 
912 536 658 912 434 547 
546 537 659 556 435 548 
547 538 660 557 436 549 
548 539 661 558 437 550 
549 540 662 559 438 551 
550 541 663 560 439 552 
551 542 664 561 440 553 
552 543 665 562 441 554 
553 544 666 563 442 555 
554 545 667 912 443 912 
912 547 668 912 444 557 
556 548 669 912 445 558 
557 549 670 564 446 559 
558 550 671 565 447 560 
559 551 672 566 448 561 
560 552 673 567 449 562 
561 553 674 912 450 563 
562 554 675 912 451 912 
912 558 676 912 452 565 
564 559 677 912 453 566 
565 560 678 912 454 567 
566 561 679 912 455 912 
912 912 912 574 456 569 
568 912 912 575 457 570 
569 912 912 576 458 571 
570 912 912 577 459 912 
912 912 912 581 460 573 
572 912 680 582 461 574 
573 568 681 583 462 575 
574 569 682 584 463 576 
575 570 683 585 464 577 
576 571 684 586 465 578 
577 912 685 587 466 579 
578 912 912 588 467 912 
912 912 912 590 468 581 
580 572 686 591 469 582 
581 573 687 592 470 583 
582 574 688 593 471 584 
583 575 689 594 472 585 
584 576 690 595 473 586 
585 577 691 596 474 587 
586 578 692 597 475 588 
587 579 693 598 476 589 
588 912 912 599 477 912 
912 580 694 601 478 591 
590 581 695 602 479 592 
591 582 696 603 480 593 
592 583 697 604 481 594 
593 584 698 605 482 595 
594 585 699 606 483 596 
595 586 700 607 484 597 
596 587 701 608 485 598 
597 588 702 609 486 599 
598 589 703 610 487 912 
912 912 912 612 488 601 
600 590 704 613 489 602 
601 591 705 614 490 603 
602 592 706 615 491 604 
603 593 707 616 492 605 
604 594 708 617 493 606 
605 595 709 618 494 607 
606 596 710 619 495 608 
607 597 711 620 496 609 
608 598 712 621 497 610 
609 599 713 622 498 611 
610 912 912 623 499 912 
912 600 912 624 500 613 
612 601 714 625 501 614 
613 602 715 626 502 615 
614 603 716 627 503 616 
615 604 717 628 504 617 
616 605 718 629 505 618 
617 606 719 630 506 619 
618 607 720 631 507 620 
619 608 721 632 508 621 
620 609 722 633 509 622 
621 610 723 634 510 623 
622 611 912 635 511 912 
912 612 912 636 512 625 
624 613 724 637 513 626 
625 614 725 638 514 627 
626 615 726 639 515 628 
627 616 727 640 516 629 
628 617 728 641 517 630 
629 618 729 642 518 631 
630 619 730 643 519 632 
631 620 731 644 520 633 
632 621 732 645 521 634 
633 622 733 646 522 635 
634 623 912 647 523 912 
912 624 912 912 524 637 
636 625 734 648 525 638 
637 626 735 649 526 639 
638 627 736 650 527 640 
639 628 737 651 528 641 
640 629 738 652 529 642 
641 630 739 653 530 643 
642 631 740 654 531 644 
643 632 741 655 532 645 
644 633 742 656 533 646 
645 634 743 657 534 647 
646 635 912 912 535 912 
912 637 744 658 536 649 
648 638 745 659 537 650 
649 639 746 660 538 651 
650 640 747 661 539 652 
651 641 748 662 540 653 
652 642 749 663 541 654 
653 643 750 664 542 655 
654 644 751 665 543 656 
655 645 752 666 544 657 
656 646 753 667 545 912 
912 648 912 912 546 659 
658 649 754 668 547 660 
659 650 755 669 548 661 
660 651 756 670 549 662 
661 652 757 671 550 663 
662 653 758 672 551 664 
663 654 759 673 552 665 
664 655 760 674 553 666 
665 656 761 675 554 667 
666 657 912 912 555 912 
912 659 912 912 556 669 
668 660 762 912 557 670 
669 661 763 676 558 671 
670 662 764 677 559 672 
671 663 765 678 560 673 
672 664 766 679 561 674 
673 665 767 912 562 675 
674 666 912 912 563 912 
912 670 912 912 564 677 
676 671 912 912 565 678 
677 672 912 912 566 679 
678 673 912 912 567 912 
912 912 912 687 573 681 
680 912 768 688 574 682 
681 912 769 689 575 683 
682 912 770 690 576 684 
683 912 771 691 577 685 
684 912 912 692 578 912 
912 912 912 695 581 687 
686 680 772 696 582 688 
687 681 773 697 583 689 
688 682 774 698 584 690 
689 683 775 699 585 691 
690 684 776 700 586 692 
691 685 777 701 587 693 
692 912 912 702 588 912 
912 912 912 704 590 695 
694 686 778 705 591 696 
695 687 779 706 592 697 
696 688 780 707 593 698 
697 689 781 708 594 699 
698 690 782 709 595 700 
699 691 783 710 596 701 
700 692 784 711 597 702 
701 693 785 712 598 703 
702 912 912 713 599 912 
912 694 786 714 601 705 
704 695 787 715 602 706 
705 696 788 716 603 707 
706 697 789 717 604 708 
707 698 790 718 605 709 
708 699 791 719 606 710 
709 700 792 720 607 711 
710 701 793 721 608 712 
711 702 794 722 609 713 
712 703 795 723 610 912 
912 704 796 724 613 715 
714 705 797 725 614 716 
715 706 798 726 615 717 
716 707 799 727 616 718 
717 708 800 728 617 719 
718 709 801 729 618 720 
719 710 802 730 619 721 
720 711 803 731 620 722 
721 712 804 732 621 723 
722 713 805 733 622 912 
912 714 806 734 625 725 
724 715 807 735 626 726 
725 716 808 736 627 727 
726 717 809 737 628 728 
727 718 810 738 629 729 
728 719 811 739 630 730 
729 720 812 740 631 731 
730 721 813 741 632 732 
731 722 814 742 633 733 
732 723 815 743 634 912 
912 724 816 744 637 735 
734 725 817 745 638 736 
735 726 818 746 639 737 
736 727 819 747 640 738 
737 728 820 748 641 739 
738 729 821 749 642 740 
739 730 822 750 643 741 
740 731 823 751 644 742 
741 732 824 752 645 743 
742 733 825 753 646 912 
912 734 912 912 648 745 
744 735 826 754 649 746 
745 736 827 755 650 747 
746 737 828 756 651 748 
747 738 829 757 652 749 
748 739 830 758 653 750 
749 740 831 759 654 751 
750 741 832 760 655 752 
751 742 833 761 656 753 
752 743 912 912 657 912 
912 745 912 912 659 755 
754 746 834 762 660 756 
755 747 835 763 661 757 
756 748 836 764 662 758 
757 749 837 765 663 759 
758 750 838 766 664 760 
759 751 839 767 665 761 
760 752 912 912 666 912 
912 755 912 912 669 763 
762 756 840 912 670 764 
763 757 841 912 671 765 
764 758 842 912 672 766 
765 759 843 912 673 767 
766 760 912 912 674 912 
912 912 912 773 681 769 
768 912 912 774 682 770 
769 912 912 775 683 771 
770 912 912 776 684 912 
912 912 912 779 687 773 
772 768 844 780 688 774 
773 769 845 781 689 775 
774 770 846 782 690 776 
775 771 847 783 691 777 
776 912 912 784 692 912 
912 912 912 787 695 779 
778 772 848 788 696 780 
779 773 849 789 697 781 
780 774 850 790 698 782 
781 775 851 791 699 783 
782 776 852 792 700 784 
783 777 853 793 701 785 
784 912 912 794 702 912 
912 912 912 796 704 787 
786 778 854 797 705 788 
787 779 855 798 706 789 
788 780 856 799 707 790 
789 781 857 800 708 791 
790 782 858 801 709 792 
791 783 859 802 710 793 
792 784 860 803 711 794 
793 785 861 804 712 795 
794 912 912 805 713 912 
912 786 912 806 714 797 
796 787 862 807 715 798 
797 788 863 808 716 799 
798 789 864 809 717 800 
799 790 865 810 718 801 
800 791 866 811 719 802 
801 792 867 812 720 803 
802 793 868 813 721 804 
803 794 869 814 722 805 
804 795 912 815 723 912 
912 796 912 816 724 807 
806 797 870 817 725 808 
807 798 871 818 726 809 
808 799 872 819 727 810 
809 800 873 820 728 811 
810 801 874 821 729 812 
811 802 875 822 730 813 
812 803 876 823 731 814 
813 804 877 824 732 815 
814 805 912 825 733 912 
912 806 912 912 734 817 
816 807 878 826 735 818 
817 808 879 827 736 819 
818 809 880 828 737 820 
819 810 881 829 738 821 
820 811 882 830 739 822 
821 812 883 831 740 823 
822 813 884 832 741 824 
823 814 885 833 742 825 
824 815 912 912 743 912 
912 817 912 912 745 827 
826 818 886 834 746 828 
827 819 887 835 747 829 
828 820 888 836 748 830 
829 821 889 837 749 831 
830 822 890 838 750 832 
831 823 891 839 751 833 
832 824 912 912 752 912 
912 827 912 912 755 835 
834 828 892 840 756 836 
835 829 893 841 757 837 
836 830 894 842 758 838 
837 831 895 843 759 839 
838 832 912 912 760 912 
912 835 912 912 763 841 
840 836 912 912 764 842 
841 837 912 912 765 843 
842 838 912 912 766 912 
912 912 912 849 773 845 
844 912 912 850 774 846 
845 912 912 851 775 847 
846 912 912 852 776 912 
912 912 912 855 779 849 
848 844 912 856 780 850 
849 845 912 857 781 851 
850 846 912 858 782 852 
851 847 912 859 783 853 
852 912 912 860 784 912 
912 912 912 862 787 855 
854 848 912 863 788 856 
855 849 896 864 789 857 
856 850 897 865 790 858 
857 851 898 866 791 859 
858 852 899 867 792 860 
859 853 912 868 793 861 
860 912 912 869 794 912 
912 854 912 870 797 863 
862 855 912 871 798 864 
863 856 900 872 799 865 
864 857 901 873 800 866 
865 858 902 874 801 867 
866 859 903 875 802 868 
867 860 912 876 803 869 
868 861 912 877 804 912 
912 862 912 878 807 871 
870 863 912 879 808 872 
871 864 904 880 809 873 
872 865 905 881 810 874 
873 866 906 882 811 875 
874 867 907 883 812 876 
875 868 912 884 813 877 
876 869 912 885 814 912 
912 870 912 912 817 879 
878 871 912 886 818 880 
879 872 908 887 819 881 
880 873 909 888 820 882 
881 874 910 889 821 883 
882 875 911 890 822 884 
883 876 912 891 823 885 
884 877 912 912 824 912 
912 879 912 912 827 887 
886 880 912 892 828 888 
887 881 912 893 829 889 
888 882 912 894 830 890 
889 883 912 895 831 891 
890 884 912 912 832 912 
912 887 912 912 835 893 
892 888 912 912 836 894 
893 889 912 912 837 895 
894 890 912 912 838 912 
912 912 912 900 856 897 
896 912 912 901 857 898 
897 912 912 902 858 899 
898 912 912 903 859 912 
912 896 912 904 864 901 
900 897 912 905 865 902 
901 898 912 906 866 903 
902 899 912 907 867 912 
912 900 912 908 872 905 
904 901 912 909 873 906 
905 902 912 910 874 907 
906 903 912 911 875 912 
912 904 912 912 880 909 
908 905 912 912 881 910 
909 906 912 912 882 911 
910 907 912 912 883 912 

