441
0 0 0 0
1 0 0.05 0
2 0 0.1 0
3 0 0.15 0
4 0 0.2 0
5 0 0.25 0
6 0 0.3 0
7 0 0.35 0
8 0 0.4 0
9 0 0.45 0
10 0 0.5 0
11 0 0.55 0
12 0 0.6 0
13 0 0.65 0
14 0 0.7 0
15 0 0.75 0
16 0 0.8 0
17 0 0.85 0
18 0 0.9 0
19 0 0.95 0
20 0 1 0
21 0.05 0 0
22 0.05 0.05 0
23 0.05 0.1 0
24 0.05 0.15 0
25 0.05 0.2 0
26 0.05 0.25 0
27 0.05 0.3 0
28 0.05 0.35 0
29 0.05 0.4 0
30 0.05 0.45 0
31 0.05 0.5 0
32 0.05 0.55 0
33 0.05 0.6 0
34 0.05 0.65 0
35 0.05 0.7 0
36 0.05 0.75 0
37 0.05 0.8 0
38 0.05 0.85 0
39 0.05 0.9 0
40 0.05 0.95 0
41 0.05 1 0
42 0.1 0 0
43 0.1 0.05 0
44 0.1 0.1 0
45 0.1 0.15 0
46 0.1 0.2 0
47 0.1 0.25 0
48 0.1 0.3 0
49 0.1 0.35 0
50 0.1 0.4 0
51 0.1 0.45 0
52 0.1 0.5 0
53 0.1 0.55 0
54 0.1 0.6 0
55 0.1 0.65 0
56 0.1 0.7 0
57 0.1 0.75 0
58 0.1 0.8 0
59 0.1 0.85 0
60 0.1 0.9 0
61 0.1 0.95 0
62 0.1 1 0
63 0.15 0 0
64 0.15 0.05 0
65 0.15 0.1 0
66 0.15 0.15 0
67 0.15 0.2 0
68 0.15 0.25 0
69 0.15 0.3 0
70 0.15 0.35 0
71 0.15 0.4 0
72 0.15 0.45 0
73 0.15 0.5 0
74 0.15 0.55 0
75 0.15 0.6 0
76 0.15 0.65 0
77 0.15 0.7 0
78 0.15 0.75 0
79 0.15 0.8 0
80 0.15 0.85 0
81 0.15 0.9 0
82 0.15 0.95 0
83 0.15 1 0
84 0.2 0 0
85 0.2 0.05 0
86 0.2 0.1 0
87 0.2 0.15 0
88 0.2 0.2 0
89 0.2 0.25 0
90 0.2 0.3 0
91 0.2 0.35 0
92 0.2 0.4 0
93 0.2 0.45 0
94 0.2 0.5 0
95 0.2 0.55 0
96 0.2 0.6 0
97 0.2 0.65 0
98 0.2 0.7 0
99 0.2 0.75 0
100 0.2 0.8 0
101 0.2 0.85 0
102 0.2 0.9 0
103 0.2 0.95 0
104 0.2 1 0
105 0.25 0 0
106 0.25 0.05 0
107 0.25 0.1 0
108 0.25 0.15 0
109 0.25 0.2 0
110 0.25 0.25 0
111 0.25 0.3 0
112 0.25 0.35 0
113 0.25 0.4 0
114 0.25 0.45 0
115 0.25 0.5 0
116 0.25 0.55 0
117 0.25 0.6 0
118 0.25 0.65 0
119 0.25 0.7 0
120 0.25 0.75 0
121 0.25 0.8 0
122 0.25 0.85 0
123 0.25 0.9 0
124 0.25 0.95 0
125 0.25 1 0
126 0.3 0 0
127 0.3 0.05 0
128 0.3 0.1 0
129 0.3 0.15 0
130 0.3 0.2 0
131 0.3 0.25 0
132 0.3 0.3 0
133 0.3 0.35 0
134 0.3 0.4 0
135 0.3 0.45 0
136 0.3 0.5 0
137 0.3 0.55 0
138 0.3 0.6 0
139 0.3 0.65 0
140 0.3 0.7 0
141 0.3 0.75 0
142 0.3 0.8 0
143 0.3 0.85 0
144 0.3 0.9 0
145 0.3 0.95 0
146 0.3 1 0
147 0.35 0 0
148 0.35 0.05 0
149 0.35 0.1 0
150 0.35 0.15 0
151 0.35 0.2 0
152 0.35 0.25 0
153 0.35 0.3 0
154 0.35 0.35 0
155 0.35 0.4 0
156 0.35 0.45 0
157 0.35 0.5 0
158 0.35 0.55 0
159 0.35 0.6 0
160 0.35 0.65 0
161 0.35 0.7 0
162 0.35 0.75 0
163 0.35 0.8 0
164 0.35 0.85 0
165 0.35 0.9 0
166 0.35 0.95 0
167 0.35 1 0
168 0.4 0 0
169 0.4 0.05 0
170 0.4 0.1 0
171 0.4 0.15 0
172 0.4 0.2 0
173 0.4 0.25 0
174 0.4 0.3 0
175 0.4 0.35 0
176 0.4 0.4 0
177 0.4 0.45 0
178 0.4 0.5 0
179 0.4 0.55 0
180 0.4 0.6 0
181 0.4 0.65 0
182 0.4 0.7 0
183 0.4 0.75 0
184 0.4 0.8 0
185 0.4 0.85 0
186 0.4 0.9 0
187 0.4 0.95 0
188 0.4 1 0
189 0.45 0 0
190 0.45 0.05 0
191 0.45 0.1 0
192 0.45 0.15 0
193 0.45 0.2 0
194 0.45 0.25 0
195 0.45 0.3 0
196 0.45 0.35 0
197 0.45 0.4 0
198 0.45 0.45 0
199 0.45 0.5 0
200 0.45 0.55 0
201 0.45 0.6 0
202 0.45 0.65 0
203 0.45 0.7 0
204 0.45 0.75 0
205 0.45 0.8 0
206 0.45 0.85 0
207 0.45 0.9 0
208 0.45 0.95 0
209 0.45 1 0
210 0.5 0 0
211 0.5 0.05 0
212 0.5 0.1 0
213 0.5 0.15 0
214 0.5 0.2 0
215 0.5 0.25 0
216 0.5 0.3 0
217 0.5 0.35 0
218 0.5 0.4 0
219 0.5 0.45 0
220 0.5 0.5 0
221 0.5 0.55 0
222 0.5 0.6 0
223 0.5 0.65 0
224 0.5 0.7 0
225 0.5 0.75 0
226 0.5 0.8 0
227 0.5 0.85 0
228 0.5 0.9 0
229 0.5 0.95 0
230 0.5 1 0
231 0.55 0 0
232 0.55 0.05 0
233 0.55 0.1 0
234 0.55 0.15 0
235 0.55 0.2 0
236 0.55 0.25 0
237 0.55 0.3 0
238 0.55 0.35 0
239 0.55 0.4 0
240 0.55 0.45 0
241 0.55 0.5 0
242 0.55 0.55 0
243 0.55 0.6 0
244 0.55 0.65 0
245 0.55 0.7 0
246 0.55 0.75 0
247 0.55 0.8 0
248 0.55 0.85 0
249 0.55 0.9 0
250 0.55 0.95 0
251 0.55 1 0
252 0.6 0 0
253 0.6 0.05 0
254 0.6 0.1 0
255 0.6 0.15 0
256 0.6 0.2 0
257 0.6 0.25 0
258 0.6 0.3 0
259 0.6 0.35 0
260 0.6 0.4 0
261 0.6 0.45 0
262 0.6 0.5 0
263 0.6 0.55 0
264 0.6 0.6 0
265 0.6 0.65 0
266 0.6 0.7 0
267 0.6 0.75 0
268 0.6 0.8 0
269 0.6 0.85 0
270 0.6 0.9 0
271 0.6 0.95 0
272 0.6 1 0
273 0.65 0 0
274 0.65 0.05 0
275 0.65 0.1 0
276 0.65 0.15 0
277 0.65 0.2 0
278 0.65 0.25 0
279 0.65 0.3 0
280 0.65 0.35 0
281 0.65 0.4 0
282 0.65 0.45 0
283 0.65 0.5 0
284 0.65 0.55 0
285 0.65 0.6 0
286 0.65 0.65 0
287 0.65 0.7 0
288 0.65 0.75 0
289 0.65 0.8 0
290 0.65 0.85 0
291 0.65 0.9 0
292 0.65 0.95 0
293 0.65 1 0
294 0.7 0 0
295 0.7 0.05 0
296 0.7 0.1 0
297 0.7 0.15 0
298 0.7 0.2 0
299 0.7 0.25 0
300 0.7 0.3 0
301 0.7 0.35 0
302 0.7 0.4 0
303 0.7 0.45 0
304 0.7 0.5 0
305 0.7 0.55 0
306 0.7 0.6 0
307 0.7 0.65 0
308 0.7 0.7 0
309 0.7 0.75 0
310 0.7 0.8 0
311 0.7 0.85 0
312 0.7 0.9 0
313 0.7 0.95 0
314 0.7 1 0
315 0.75 0 0
316 0.75 0.05 0
317 0.75 0.1 0
318 0.75 0.15 0
319 0.75 0.2 0
320 0.75 0.25 0
321 0.75 0.3 0
322 0.75 0.35 0
323 0.75 0.4 0
324 0.75 0.45 0
325 0.75 0.5 0
326 0.75 0.55 0
327 0.75 0.6 0
328 0.75 0.65 0
329 0.75 0.7 0
330 0.75 0.75 0
331 0.75 0.8 0
332 0.75 0.85 0
333 0.75 0.9 0
334 0.75 0.95 0
335 0.75 1 0
336 0.8 0 0
337 0.8 0.05 0
338 0.8 0.1 0
339 0.8 0.15 0
340 0.8 0.2 0
341 0.8 0.25 0
342 0.8 0.3 0
343 0.8 0.35 0
344 0.8 0.4 0
345 0.8 0.45 0
346 0.8 0.5 0
347 0.8 0.55 0
348 0.8 0.6 0
349 0.8 0.65 0
350 0.8 0.7 0
351 0.8 0.75 0
352 0.8 0.8 0
353 0.8 0.85 0
354 0.8 0.9 0
355 0.8 0.95 0
356 0.8 1 0
357 0.85 0 0
358 0.85 0.05 0
359 0.85 0.1 0
360 0.85 0.15 0
361 0.85 0.2 0
362 0.85 0.25 0
363 0.85 0.3 0
364 0.85 0.35 0
365 0.85 0.4 0
366 0.85 0.45 0
367 0.85 0.5 0
368 0.85 0.55 0
369 0.85 0.6 0
370 0.85 0.65 0
371 0.85 0.7 0
372 0.85 0.75 0
373 0.85 0.8 0
374 0.85 0.85 0
375 0.85 0.9 0
376 0.85 0.95 0
377 0.85 1 0
378 0.9 0 0
379 0.9 0.05 0
380 0.9 0.1 0
381 0.9 0.15 0
382 0.9 0.2 0
383 0.9 0.25 0
384 0.9 0.3 0
385 0.9 0.35 0
386 0.9 0.4 0
387 0.9 0.45 0
388 0.9 0.5 0
389 0.9 0.55 0
390 0.9 0.6 0
391 0.9 0.65 0
392 0.9 0.7 0
393 0.9 0.75 0
394 0.9 0.8 0
395 0.9 0.85 0
396 0.9 0.9 0
397 0.9 0.95 0
398 0.9 1 0
399 0.95 0 0
400 0.95 0.05 0
401 0.95 0.1 0
402 0.95 0.15 0
403 0.95 0.2 0
404 0.95 0.25 0
405 0.95 0.3 0
406 0.95 0.35 0
407 0.95 0.4 0
408 0.95 0.45 0
409 0.95 0.5 0
410 0.95 0.55 0
411 0.95 0.6 0
412 0.95 0.65 0
413 0.95 0.7 0
414 0.95 0.75 0
415 0.95 0.8 0
416 0.95 0.85 0
417 0.95 0.9 0
418 0.95 0.95 0
419 0.95 1 0
420 1 0 0
421 1 0.05 0
422 1 0.1 0
423 1 0.15 0
424 1 0.2 0
425 1 0.25 0
426 1 0.3 0
427 1 0.35 0
428 1 0.4 0
429 1 0.45 0
430 1 0.5 0
431 1 0.55 0
432 1 0.6 0
433 1 0.65 0
434 1 0.7 0
435 1 0.75 0
436 1 0.8 0
437 1 0.85 0
438 1 0.9 0
439 1 0.95 0
440 1 1 0
801
0 4 0 0 21 22 
1 4 0 0 22 1 
2 4 0 1 22 23 
3 4 0 1 23 2 
4 4 0 2 23 24 
5 4 0 2 24 3 
6 4 0 3 24 25 
7 4 0 3 25 4 
8 4 0 4 25 26 
9 4 0 4 26 5 
10 4 0 5 26 27 
11 4 0 5 27 6 
12 4 0 6 27 28 
13 4 0 6 28 7 
14 4 0 7 28 29 
15 4 0 7 29 8 
16 4 0 8 29 30 
17 4 0 8 30 9 
18 4 0 9 30 31 
19 4 0 9 31 10 
20 4 0 10 31 32 
21 4 0 10 32 11 
22 4 0 11 32 33 
23 4 0 11 33 12 
24 4 0 12 33 34 
25 4 0 12 34 13 
26 4 0 13 34 35 
27 4 0 13 35 14 
28 4 0 14 35 36 
29 4 0 14 36 15 
30 4 0 15 36 37 
31 4 0 15 37 16 
32 4 0 16 37 38 
33 4 0 16 38 17 
34 4 0 17 38 39 
35 4 0 17 39 18 
36 4 0 18 39 40 
37 4 0 18 40 19 
38 4 0 19 40 41 
39 4 0 19 41 20 
40 4 0 21 42 43 
41 4 0 21 43 22 
42 4 0 22 43 44 
43 4 0 22 44 23 
44 4 0 23 44 45 
45 4 0 23 45 24 
46 4 0 24 45 46 
47 4 0 24 46 25 
48 4 0 25 46 47 
49 4 0 25 47 26 
50 4 0 26 47 48 
51 4 0 26 48 27 
52 4 0 27 48 49 
53 4 0 27 49 28 
54 4 0 28 49 50 
55 4 0 28 50 29 
56 4 0 29 50 51 
57 4 0 29 51 30 
58 4 0 30 51 52 
59 4 0 30 52 31 
60 4 0 31 52 53 
61 4 0 31 53 32 
62 4 0 32 53 54 
63 4 0 32 54 33 
64 4 0 33 54 55 
65 4 0 33 55 34 
66 4 0 34 55 56 
67 4 0 34 56 35 
68 4 0 35 56 57 
69 4 0 35 57 36 
70 4 0 36 57 58 
71 4 0 36 58 37 
72 4 0 37 58 59 
73 4 0 37 59 38 
74 4 0 38 59 60 
75 4 0 38 60 39 
76 4 0 39 60 61 
77 4 0 39 61 40 
78 4 0 40 61 62 
79 4 0 40 62 41 
80 4 0 42 63 64 
81 4 0 42 64 43 
82 4 0 43 64 65 
83 4 0 43 65 44 
84 4 0 44 65 66 
85 4 0 44 66 45 
86 4 0 45 66 67 
87 4 0 45 67 46 
88 4 0 46 67 68 
89 4 0 46 68 47 
90 4 0 47 68 69 
91 4 0 47 69 48 
92 4 0 48 69 70 
93 4 0 48 70 49 
94 4 0 49 70 71 
95 4 0 49 71 50 
96 4 0 50 71 72 
97 4 0 50 72 51 
98 4 0 51 72 73 
99 4 0 51 73 52 
100 4 0 52 73 74 
101 4 0 52 74 53 
102 4 0 53 74 75 
103 4 0 53 75 54 
104 4 0 54 75 76 
105 4 0 54 76 55 
106 4 0 55 76 77 
107 4 0 55 77 56 
108 4 0 56 77 78 
109 4 0 56 78 57 
110 4 0 57 78 79 
111 4 0 57 79 58 
112 4 0 58 79 80 
113 4 0 58 80 59 
114 4 0 59 80 81 
115 4 0 59 81 60 
116 4 0 60 81 82 
117 4 0 60 82 61 
118 4 0 61 82 83 
119 4 0 61 83 62 
120 4 0 63 84 85 
121 4 0 63 85 64 
122 4 0 64 85 86 
123 4 0 64 86 65 
124 4 0 65 86 87 
125 4 0 65 87 66 
126 4 0 66 87 88 
127 4 0 66 88 67 
128 4 0 67 88 89 
129 4 0 67 89 68 
130 4 0 68 89 90 
131 4 0 68 90 69 
132 4 0 69 90 91 
133 4 0 69 91 70 
134 4 0 70 91 92 
135 4 0 70 92 71 
136 4 0 71 92 93 
137 4 0 71 93 72 
138 4 0 72 93 94 
139 4 0 72 94 73 
140 4 0 73 94 95 
141 4 0 73 95 74 
142 4 0 74 95 96 
143 4 0 74 96 75 
144 4 0 75 96 97 
145 4 0 75 97 76 
146 4 0 76 97 98 
147 4 0 76 98 77 
148 4 0 77 98 99 
149 4 0 77 99 78 
150 4 0 78 99 100 
151 4 0 78 100 79 
152 4 0 79 100 101 
153 4 0 79 101 80 
154 4 0 80 101 102 
155 4 0 80 102 81 
156 4 0 81 102 103 
157 4 0 81 103 82 
158 4 0 82 103 104 
159 4 0 82 104 83 
160 4 0 84 105 106 
161 4 0 84 106 85 
162 4 0 85 106 107 
163 4 0 85 107 86 
164 4 0 86 107 108 
165 4 0 86 108 87 
166 4 0 87 108 109 
167 4 0 87 109 88 
168 4 0 88 109 110 
169 4 0 88 110 89 
170 4 0 89 110 111 
171 4 0 89 111 90 
172 4 0 90 111 112 
173 4 0 90 112 91 
174 4 0 91 112 113 
175 4 0 91 113 92 
176 4 0 92 113 114 
177 4 0 92 114 93 
178 4 0 93 114 115 
179 4 0 93 115 94 
180 4 0 94 115 116 
181 4 0 94 116 95 
182 4 0 95 116 117 
183 4 0 95 117 96 
184 4 0 96 117 118 
185 4 0 96 118 97 
186 4 0 97 118 119 
187 4 0 97 119 98 
188 4 0 98 119 120 
189 4 0 98 120 99 
190 4 0 99 120 121 
191 4 0 99 121 100 
192 4 0 100 121 122 
193 4 0 100 122 101 
194 4 0 101 122 123 
195 4 0 101 123 102 
196 4 0 102 123 124 
197 4 0 102 124 103 
198 4 0 103 124 125 
199 4 0 103 125 104 
200 4 0 105 126 127 
201 4 0 105 127 106 
202 4 0 106 127 128 
203 4 0 106 128 107 
204 4 0 107 128 129 
205 4 0 107 129 108 
206 4 0 108 129 130 
207 4 0 108 130 109 
208 4 0 109 130 131 
209 4 0 109 131 110 
210 4 0 110 131 132 
211 4 0 110 132 111 
212 4 0 111 132 133 
213 4 0 111 133 112 
214 4 0 112 133 134 
215 4 0 112 134 113 
216 4 0 113 134 135 
217 4 0 113 135 114 
218 4 0 114 135 136 
219 4 0 114 136 115 
220 4 0 115 136 137 
221 4 0 115 137 116 
222 4 0 116 137 138 
223 4 0 116 138 117 
224 4 0 117 138 139 
225 4 0 117 139 118 
226 4 0 118 139 140 
227 4 0 118 140 119 
228 4 0 119 140 141 
229 4 0 119 141 120 
230 4 0 120 141 142 
231 4 0 120 142 121 
232 4 0 121 142 143 
233 4 0 121 143 122 
234 4 0 122 143 144 
235 4 0 122 144 123 
236 4 0 123 144 145 
237 4 0 123 145 124 
238 4 0 124 145 146 
239 4 0 124 146 125 
240 4 0 126 147 148 
241 4 0 126 148 127 
242 4 0 127 148 149 
243 4 0 127 149 128 
244 4 0 128 149 150 
245 4 0 128 150 129 
246 4 0 129 150 151 
247 4 0 129 151 130 
248 4 0 130 151 152 
249 4 0 130 152 131 
250 4 0 131 152 153 
251 4 0 131 153 132 
252 4 0 132 153 154 
253 4 0 132 154 133 
254 4 0 133 154 155 
255 4 0 133 155 134 
256 4 0 134 155 156 
257 4 0 134 156 135 
258 4 0 135 156 157 
259 4 0 135 157 136 
260 4 0 136 157 158 
261 4 0 136 158 137 
262 4 0 137 158 159 
263 4 0 137 159 138 
264 4 0 138 159 160 
265 4 0 138 160 139 
266 4 0 139 160 161 
267 4 0 139 161 140 
268 4 0 140 161 162 
269 4 0 140 162 141 
270 4 0 141 162 163 
271 4 0 141 163 142 
272 4 0 142 163 164 
273 4 0 142 164 143 
274 4 0 143 164 165 
275 4 0 143 165 144 
276 4 0 144 165 166 
277 4 0 144 166 145 
278 4 0 145 166 167 
279 4 0 145 167 146 
280 4 0 147 168 169 
281 4 0 147 169 148 
282 4 0 148 169 170 
283 4 0 148 170 149 
284 4 0 149 170 171 
285 4 0 149 171 150 
286 4 0 150 171 172 
287 4 0 150 172 151 
288 4 0 151 172 173 
289 4 0 151 173 152 
290 4 0 152 173 174 
291 4 0 152 174 153 
292 4 0 153 174 175 
293 4 0 153 175 154 
294 4 0 154 175 176 
295 4 0 154 176 155 
296 4 0 155 176 177 
297 4 0 155 177 156 
298 4 0 156 177 178 
299 4 0 156 178 157 
300 4 0 157 178 179 
301 4 0 157 179 158 
302 4 0 158 179 180 
303 4 0 158 180 159 
304 4 0 159 180 181 
305 4 0 159 181 160 
306 4 0 160 181 182 
307 4 0 160 182 161 
308 4 0 161 182 183 
309 4 0 161 183 162 
310 4 0 162 183 184 
311 4 0 162 184 163 
312 4 0 163 184 185 
313 4 0 163 185 164 
314 4 0 164 185 186 
315 4 0 164 186 165 
316 4 0 165 186 187 
317 4 0 165 187 166 
318 4 0 166 187 188 
319 4 0 166 188 167 
320 4 0 168 189 190 
321 4 0 168 190 169 
322 4 0 169 190 191 
323 4 0 169 191 170 
324 4 0 170 191 192 
325 4 0 170 192 171 
326 4 0 171 192 193 
327 4 0 171 193 172 
328 4 0 172 193 194 
329 4 0 172 194 173 
330 4 0 173 194 195 
331 4 0 173 195 174 
332 4 0 174 195 196 
333 4 0 174 196 175 
334 4 0 175 196 197 
335 4 0 175 197 176 
336 4 0 176 197 198 
337 4 0 176 198 177 
338 4 0 177 198 199 
339 4 0 177 199 178 
340 4 0 178 199 200 
341 4 0 178 200 179 
342 4 0 179 200 201 
343 4 0 179 201 180 
344 4 0 180 201 202 
345 4 0 180 202 181 
346 4 0 181 202 203 
347 4 0 181 203 182 
348 4 0 182 203 204 
349 4 0 182 204 183 
350 4 0 183 204 205 
351 4 0 183 205 184 
352 4 0 184 205 206 
353 4 0 184 206 185 
354 4 0 185 206 207 
355 4 0 185 207 186 
356 4 0 186 207 208 
357 4 0 186 208 187 
358 4 0 187 208 209 
359 4 0 187 209 188 
360 4 0 189 210 211 
361 4 0 189 211 190 
362 4 0 190 211 212 
363 4 0 190 212 191 
364 4 0 191 212 213 
365 4 0 191 213 192 
366 4 0 192 213 214 
367 4 0 192 214 193 
368 4 0 193 214 215 
369 4 0 193 215 194 
370 4 0 194 215 216 
371 4 0 194 216 195 
372 4 0 195 216 217 
373 4 0 195 217 196 
374 4 0 196 217 218 
375 4 0 196 218 197 
376 4 0 197 218 219 
377 4 0 197 219 198 
378 4 0 198 219 220 
379 4 0 198 220 199 
380 4 0 199 220 221 
381 4 0 199 221 200 
382 4 0 200 221 222 
383 4 0 200 222 201 
384 4 0 201 222 223 
385 4 0 201 223 202 
386 4 0 202 223 224 
387 4 0 202 224 203 
388 4 0 203 224 225 
389 4 0 203 225 204 
390 4 0 204 225 226 
391 4 0 204 226 205 
392 4 0 205 226 227 
393 4 0 205 227 206 
394 4 0 206 227 228 
395 4 0 206 228 207 
396 4 0 207 228 229 
397 4 0 207 229 208 
398 4 0 208 229 230 
399 4 0 208 230 209 
400 4 0 210 231 232 
401 4 0 210 232 211 
402 4 0 211 232 233 
403 4 0 211 233 212 
404 4 0 212 233 234 
405 4 0 212 234 213 
406 4 0 213 234 235 
407 4 0 213 235 214 
408 4 0 214 235 236 
409 4 0 214 236 215 
410 4 0 215 236 237 
411 4 0 215 237 216 
412 4 0 216 237 238 
413 4 0 216 238 217 
414 4 0 217 238 239 
415 4 0 217 239 218 
416 4 0 218 239 240 
417 4 0 218 240 219 
418 4 0 219 240 241 
419 4 0 219 241 220 
420 4 0 220 241 242 
421 4 0 220 242 221 
422 4 0 221 242 243 
423 4 0 221 243 222 
424 4 0 222 243 244 
425 4 0 222 244 223 
426 4 0 223 244 245 
427 4 0 223 245 224 
428 4 0 224 245 246 
429 4 0 224 246 225 
430 4 0 225 246 247 
431 4 0 225 247 226 
432 4 0 226 247 248 
433 4 0 226 248 227 
434 4 0 227 248 249 
435 4 0 227 249 228 
436 4 0 228 249 250 
437 4 0 228 250 229 
438 4 0 229 250 251 
439 4 0 229 251 230 
440 4 0 231 252 253 
441 4 0 231 253 232 
442 4 0 232 253 254 
443 4 0 232 254 233 
444 4 0 233 254 255 
445 4 0 233 255 234 
446 4 0 234 255 256 
447 4 0 234 256 235 
448 4 0 235 256 257 
449 4 0 235 257 236 
450 4 0 236 257 258 
451 4 0 236 258 237 
452 4 0 237 258 259 
453 4 0 237 259 238 
454 4 0 238 259 260 
455 4 0 238 260 239 
456 4 0 239 260 261 
457 4 0 239 261 240 
458 4 0 240 261 262 
459 4 0 240 262 241 
460 4 0 241 262 263 
461 4 0 241 263 242 
462 4 0 242 263 264 
463 4 0 242 264 243 
464 4 0 243 264 265 
465 4 0 243 265 244 
466 4 0 244 265 266 
467 4 0 244 266 245 
468 4 0 245 266 267 
469 4 0 245 267 246 
470 4 0 246 267 268 
471 4 0 246 268 247 
472 4 0 247 268 269 
473 4 0 247 269 248 
474 4 0 248 269 270 
475 4 0 248 270 249 
476 4 0 249 270 271 
477 4 0 249 271 250 
478 4 0 250 271 272 
479 4 0 250 272 251 
480 4 0 252 273 274 
481 4 0 252 274 253 
482 4 0 253 274 275 
483 4 0 253 275 254 
484 4 0 254 275 276 
485 4 0 254 276 255 
486 4 0 255 276 277 
487 4 0 255 277 256 
488 4 0 256 277 278 
489 4 0 256 278 257 
490 4 0 257 278 279 
491 4 0 257 279 258 
492 4 0 258 279 280 
493 4 0 258 280 259 
494 4 0 259 280 281 
495 4 0 259 281 260 
496 4 0 260 281 282 
497 4 0 260 282 261 
498 4 0 261 282 283 
499 4 0 261 283 262 
500 4 0 262 283 284 
501 4 0 262 284 263 
502 4 0 263 284 285 
503 4 0 263 285 264 
504 4 0 264 285 286 
505 4 0 264 286 265 
506 4 0 265 286 287 
507 4 0 265 287 266 
508 4 0 266 287 288 
509 4 0 266 288 267 
510 4 0 267 288 289 
511 4 0 267 289 268 
512 4 0 268 289 290 
513 4 0 268 290 269 
514 4 0 269 290 291 
515 4 0 269 291 270 
516 4 0 270 291 292 
517 4 0 270 292 271 
518 4 0 271 292 293 
519 4 0 271 293 272 
520 4 0 273 294 295 
521 4 0 273 295 274 
522 4 0 274 295 296 
523 4 0 274 296 275 
524 4 0 275 296 297 
525 4 0 275 297 276 
526 4 0 276 297 298 
527 4 0 276 298 277 
528 4 0 277 298 299 
529 4 0 277 299 278 
530 4 0 278 299 300 
531 4 0 278 300 279 
532 4 0 279 300 301 
533 4 0 279 301 280 
534 4 0 280 301 302 
535 4 0 280 302 281 
536 4 0 281 302 303 
537 4 0 281 303 282 
538 4 0 282 303 304 
539 4 0 282 304 283 
540 4 0 283 304 305 
541 4 0 283 305 284 
542 4 0 284 305 306 
543 4 0 284 306 285 
544 4 0 285 306 307 
545 4 0 285 307 286 
546 4 0 286 307 308 
547 4 0 286 308 287 
548 4 0 287 308 309 
549 4 0 287 309 288 
550 4 0 288 309 310 
551 4 0 288 310 289 
552 4 0 289 310 311 
553 4 0 289 311 290 
554 4 0 290 311 312 
555 4 0 290 312 291 
556 4 0 291 312 313 
557 4 0 291 313 292 
558 4 0 292 313 314 
559 4 0 292 314 293 
560 4 0 294 315 316 
561 4 0 294 316 295 
562 4 0 295 316 317 
563 4 0 295 317 296 
564 4 0 296 317 318 
565 4 0 296 318 297 
566 4 0 297 318 319 
567 4 0 297 319 298 
568 4 0 298 319 320 
569 4 0 298 320 299 
570 4 0 299 320 321 
571 4 0 299 321 300 
572 4 0 300 321 322 
573 4 0 300 322 301 
574 4 0 301 322 323 
575 4 0 301 323 302 
576 4 0 302 323 324 
577 4 0 302 324 303 
578 4 0 303 324 325 
579 4 0 303 325 304 
580 4 0 304 325 326 
581 4 0 304 326 305 
582 4 0 305 326 327 
583 4 0 305 327 306 
584 4 0 306 327 328 
585 4 0 306 328 307 
586 4 0 307 328 329 
587 4 0 307 329 308 
588 4 0 308 329 330 
589 4 0 308 330 309 
590 4 0 309 330 331 
591 4 0 309 331 310 
592 4 0 310 331 332 
593 4 0 310 332 311 
594 4 0 311 332 333 
595 4 0 311 333 312 
596 4 0 312 333 334 
597 4 0 312 334 313 
598 4 0 313 334 335 
599 4 0 313 335 314 
600 4 0 315 336 337 
601 4 0 315 337 316 
602 4 0 316 337 338 
603 4 0 316 338 317 
604 4 0 317 338 339 
605 4 0 317 339 318 
606 4 0 318 339 340 
607 4 0 318 340 319 
608 4 0 319 340 341 
609 4 0 319 341 320 
610 4 0 320 341 342 
611 4 0 320 342 321 
612 4 0 321 342 343 
613 4 0 321 343 322 
614 4 0 322 343 344 
615 4 0 322 344 323 
616 4 0 323 344 345 
617 4 0 323 345 324 
618 4 0 324 345 346 
619 4 0 324 346 325 
620 4 0 325 346 347 
621 4 0 325 347 326 
622 4 0 326 347 348 
623 4 0 326 348 327 
624 4 0 327 348 349 
625 4 0 327 349 328 
626 4 0 328 349 350 
627 4 0 328 350 329 
628 4 0 329 350 351 
629 4 0 329 351 330 
630 4 0 330 351 352 
631 4 0 330 352 331 
632 4 0 331 352 353 
633 4 0 331 353 332 
634 4 0 332 353 354 
635 4 0 332 354 333 
636 4 0 333 354 355 
637 4 0 333 355 334 
638 4 0 334 355 356 
639 4 0 334 356 335 
640 4 0 336 357 358 
641 4 0 336 358 337 
642 4 0 337 358 359 
643 4 0 337 359 338 
644 4 0 338 359 360 
645 4 0 338 360 339 
646 4 0 339 360 361 
647 4 0 339 361 340 
648 4 0 340 361 362 
649 4 0 340 362 341 
650 4 0 341 362 363 
651 4 0 341 363 342 
652 4 0 342 363 364 
653 4 0 342 364 343 
654 4 0 343 364 365 
655 4 0 343 365 344 
656 4 0 344 365 366 
657 4 0 344 366 345 
658 4 0 345 366 367 
659 4 0 345 367 346 
660 4 0 346 367 368 
661 4 0 346 368 347 
662 4 0 347 368 369 
663 4 0 347 369 348 
664 4 0 348 369 370 
665 4 0 348 370 349 
666 4 0 349 370 371 
667 4 0 349 371 350 
668 4 0 350 371 372 
669 4 0 350 372 351 
670 4 0 351 372 373 
671 4 0 351 373 352 
672 4 0 352 373 374 
673 4 0 352 374 353 
674 4 0 353 374 375 
675 4 0 353 375 354 
676 4 0 354 375 376 
677 4 0 354 376 355 
678 4 0 355 376 377 
679 4 0 355 377 356 
680 4 0 357 378 379 
681 4 0 357 379 358 
682 4 0 358 379 380 
683 4 0 358 380 359 
684 4 0 359 380 381 
685 4 0 359 381 360 
686 4 0 360 381 382 
687 4 0 360 382 361 
688 4 0 361 382 383 
689 4 0 361 383 362 
690 4 0 362 383 384 
691 4 0 362 384 363 
692 4 0 363 384 385 
693 4 0 363 385 364 
694 4 0 364 385 386 
695 4 0 364 386 365 
696 4 0 365 386 387 
697 4 0 365 387 366 
698 4 0 366 387 388 
699 4 0 366 388 367 
700 4 0 367 388 389 
701 4 0 367 389 368 
702 4 0 368 389 390 
703 4 0 368 390 369 
704 4 0 369 390 391 
705 4 0 369 391 370 
706 4 0 370 391 392 
707 4 0 370 392 371 
708 4 0 371 392 393 
709 4 0 371 393 372 
710 4 0 372 393 394 
711 4 0 372 394 373 
712 4 0 373 394 395 
713 4 0 373 395 374 
714 4 0 374 395 396 
715 4 0 374 396 375 
716 4 0 375 396 397 
717 4 0 375 397 376 
718 4 0 376 397 398 
719 4 0 376 398 377 
720 4 0 378 399 400 
721 4 0 378 400 379 
722 4 0 379 400 401 
723 4 0 379 401 380 
724 4 0 380 401 402 
725 4 0 380 402 381 
726 4 0 381 402 403 
727 4 0 381 403 382 
728 4 0 382 403 404 
729 4 0 382 404 383 
730 4 0 383 404 405 
731 4 0 383 405 384 
732 4 0 384 405 406 
733 4 0 384 406 385 
734 4 0 385 406 407 
735 4 0 385 407 386 
736 4 0 386 407 408 
737 4 0 386 408 387 
738 4 0 387 408 409 
739 4 0 387 409 388 
740 4 0 388 409 410 
741 4 0 388 410 389 
742 4 0 389 410 411 
743 4 0 389 411 390 
744 4 0 390 411 412 
745 4 0 390 412 391 
746 4 0 391 412 413 
747 4 0 391 413 392 
748 4 0 392 413 414 
749 4 0 392 414 393 
750 4 0 393 414 415 
751 4 0 393 415 394 
752 4 0 394 415 416 
753 4 0 394 416 395 
754 4 0 395 416 417 
755 4 0 395 417 396 
756 4 0 396 417 418 
757 4 0 396 418 397 
758 4 0 397 418 419 
759 4 0 397 419 398 
760 4 0 399 420 421 
761 4 0 399 421 400 
762 4 0 400 421 422 
763 4 0 400 422 401 
764 4 0 401 422 423 
765 4 0 401 423 402 
766 4 0 402 423 424 
767 4 0 402 424 403 
768 4 0 403 424 425 
769 4 0 403 425 404 
770 4 0 404 425 426 
771 4 0 404 426 405 
772 4 0 405 426 427 
773 4 0 405 427 406 
774 4 0 406 427 428 
775 4 0 406 428 407 
776 4 0 407 428 429 
777 4 0 407 429 408 
778 4 0 408 429 430 
779 4 0 408 430 409 
780 4 0 409 430 431 
781 4 0 409 431 410 
782 4 0 410 431 432 
783 4 0 410 432 411 
784 4 0 411 432 433 
785 4 0 411 433 412 
786 4 0 412 433 434 
787 4 0 412 434 413 
788 4 0 413 434 435 
789 4 0 413 435 414 
790 4 0 414 435 436 
791 4 0 414 436 415 
792 4 0 415 436 437 
793 4 0 415 437 416 
794 4 0 416 437 438 
795 4 0 416 438 417 
796 4 0 417 438 439 
797 4 0 417 439 418 
798 4 0 418 439 440 
799 4 0 418 440 419 
800 6 0 
41 1 800 
2 800 0 
43 3 1 
4 800 2 
45 5 3 
6 800 4 
47 7 5 
8 800 6 
49 9 7 
10 800 8 
51 11 9 
12 800 10 
53 13 11 
14 800 12 
55 15 13 
16 800 14 
57 17 15 
18 800 16 
59 19 17 
20 800 18 
61 21 19 
22 800 20 
63 23 21 
24 800 22 
65 25 23 
26 800 24 
67 27 25 
28 800 26 
69 29 27 
30 800 28 
71 31 29 
32 800 30 
73 33 31 
34 800 32 
75 35 33 
36 800 34 
77 37 35 
38 800 36 
79 39 37 
800 800 38 
81 41 800 
42 0 40 
83 43 41 
44 2 42 
85 45 43 
46 4 44 
87 47 45 
48 6 46 
89 49 47 
50 8 48 
91 51 49 
52 10 50 
93 53 51 
54 12 52 
95 55 53 
56 14 54 
97 57 55 
58 16 56 
99 59 57 
60 18 58 
101 61 59 
62 20 60 
103 63 61 
64 22 62 
105 65 63 
66 24 64 
107 67 65 
68 26 66 
109 69 67 
70 28 68 
111 71 69 
72 30 70 
113 73 71 
74 32 72 
115 75 73 
76 34 74 
117 77 75 
78 36 76 
119 79 77 
800 38 78 
121 81 800 
82 40 80 
123 83 81 
84 42 82 
125 85 83 
86 44 84 
127 87 85 
88 46 86 
129 89 87 
90 48 88 
131 91 89 
92 50 90 
133 93 91 
94 52 92 
135 95 93 
96 54 94 
137 97 95 
98 56 96 
139 99 97 
100 58 98 
141 101 99 
102 60 100 
143 103 101 
104 62 102 
145 105 103 
106 64 104 
147 107 105 
108 66 106 
149 109 107 
110 68 108 
151 111 109 
112 70 110 
153 113 111 
114 72 112 
155 115 113 
116 74 114 
157 117 115 
118 76 116 
159 119 117 
800 78 118 
161 121 800 
122 80 120 
163 123 121 
124 82 122 
165 125 123 
126 84 124 
167 127 125 
128 86 126 
169 129 127 
130 88 128 
171 131 129 
132 90 130 
173 133 131 
134 92 132 
175 135 133 
136 94 134 
177 137 135 
138 96 136 
179 139 137 
140 98 138 
181 141 139 
142 100 140 
183 143 141 
144 102 142 
185 145 143 
146 104 144 
187 147 145 
148 106 146 
189 149 147 
150 108 148 
191 151 149 
152 110 150 
193 153 151 
154 112 152 
195 155 153 
156 114 154 
197 157 155 
158 116 156 
199 159 157 
800 118 158 
201 161 800 
162 120 160 
203 163 161 
164 122 162 
205 165 163 
166 124 164 
207 167 165 
168 126 166 
209 169 167 
170 128 168 
211 171 169 
172 130 170 
213 173 171 
174 132 172 
215 175 173 
176 134 174 
217 177 175 
178 136 176 
219 179 177 
180 138 178 
221 181 179 
182 140 180 
223 183 181 
184 142 182 
225 185 183 
186 144 184 
227 187 185 
188 146 186 
229 189 187 
190 148 188 
231 191 189 
192 150 190 
233 193 191 
194 152 192 
235 195 193 
196 154 194 
237 197 195 
198 156 196 
239 199 197 
800 158 198 
241 201 800 
202 160 200 
243 203 201 
204 162 202 
245 205 203 
206 164 204 
247 207 205 
208 166 206 
249 209 207 
210 168 208 
251 211 209 
212 170 210 
253 213 211 
214 172 212 
255 215 213 
216 174 214 
257 217 215 
218 176 216 
259 219 217 
220 178 218 
261 221 219 
222 180 220 
263 223 221 
224 182 222 
265 225 223 
226 184 224 
267 227 225 
228 186 226 
269 229 227 
230 188 228 
271 231 229 
232 190 230 
273 233 231 
234 192 232 
275 235 233 
236 194 234 
277 237 235 
238 196 236 
279 239 237 
800 198 238 
281 241 800 
242 200 240 
283 243 241 
244 202 242 
285 245 243 
246 204 244 
287 247 245 
248 206 246 
289 249 247 
250 208 248 
291 251 249 
252 210 250 
293 253 251 
254 212 252 
295 255 253 
256 214 254 
297 257 255 
258 216 256 
299 259 257 
260 218 258 
301 261 259 
262 220 260 
303 263 261 
264 222 262 
305 265 263 
266 224 264 
307 267 265 
268 226 266 
309 269 267 
270 228 268 
311 271 269 
272 230 270 
313 273 271 
274 232 272 
315 275 273 
276 234 274 
317 277 275 
278 236 276 
319 279 277 
800 238 278 
321 281 800 
282 240 280 
323 283 281 
284 242 282 
325 285 283 
286 244 284 
327 287 285 
288 246 286 
329 289 287 
290 248 288 
331 291 289 
292 250 290 
333 293 291 
294 252 292 
335 295 293 
296 254 294 
337 297 295 
298 256 296 
339 299 297 
300 258 298 
341 301 299 
302 260 300 
343 303 301 
304 262 302 
345 305 303 
306 264 304 
347 307 305 
308 266 306 
349 309 307 
310 268 308 
351 311 309 
312 270 310 
353 313 311 
314 272 312 
355 315 313 
316 274 314 
357 317 315 
318 276 316 
359 319 317 
800 278 318 
361 321 800 
322 280 320 
363 323 321 
324 282 322 
365 325 323 
326 284 324 
367 327 325 
328 286 326 
369 329 327 
330 288 328 
371 331 329 
332 290 330 
373 333 331 
334 292 332 
375 335 333 
336 294 334 
377 337 335 
338 296 336 
379 339 337 
340 298 338 
381 341 339 
342 300 340 
383 343 341 
344 302 342 
385 345 343 
346 304 344 
387 347 345 
348 306 346 
389 349 347 
350 308 348 
391 351 349 
352 310 350 
393 353 351 
354 312 352 
395 355 353 
356 314 354 
397 357 355 
358 316 356 
399 359 357 
800 318 358 
401 361 800 
362 320 360 
403 363 361 
364 322 362 
405 365 363 
366 324 364 
407 367 365 
368 326 366 
409 369 367 
370 328 368 
411 371 369 
372 330 370 
413 373 371 
374 332 372 
415 375 373 
376 334 374 
417 377 375 
378 336 376 
419 379 377 
380 338 378 
421 381 379 
382 340 380 
423 383 381 
384 342 382 
425 385 383 
386 344 384 
427 387 385 
388 346 386 
429 389 387 
390 348 388 
431 391 389 
392 350 390 
433 393 391 
394 352 392 
435 395 393 
396 354 394 
437 397 395 
398 356 396 
439 399 397 
800 358 398 
441 401 800 
402 360 400 
443 403 401 
404 362 402 
445 405 403 
406 364 404 
447 407 405 
408 366 406 
449 409 407 
410 368 408 
451 411 409 
412 370 410 
453 413 411 
414 372 412 
455 415 413 
416 374 414 
457 417 415 
418 376 416 
459 419 417 
420 378 418 
461 421 419 
422 380 420 
463 423 421 
424 382 422 
465 425 423 
426 384 424 
467 427 425 
428 386 426 
469 429 427 
430 388 428 
471 431 429 
432 390 430 
473 433 431 
434 392 432 
475 435 433 
436 394 434 
477 437 435 
438 396 436 
479 439 437 
800 398 438 
481 441 800 
442 400 440 
483 443 441 
444 402 442 
485 445 443 
446 404 444 
487 447 445 
448 406 446 
489 449 447 
450 408 448 
491 451 449 
452 410 450 
493 453 451 
454 412 452 
495 455 453 
456 414 454 
497 457 455 
458 416 456 
499 459 457 
460 418 458 
501 461 459 
462 420 460 
503 463 461 
464 422 462 
505 465 463 
466 424 464 
507 467 465 
468 426 466 
509 469 467 
470 428 468 
511 471 469 
472 430 470 
513 473 471 
474 432 472 
515 475 473 
476 434 474 
517 477 475 
478 436 476 
519 479 477 
800 438 478 
521 481 800 
482 440 480 
523 483 481 
484 442 482 
525 485 483 
486 444 484 
527 487 485 
488 446 486 
529 489 487 
490 448 488 
531 491 489 
492 450 490 
533 493 491 
494 452 492 
535 495 493 
496 454 494 
537 497 495 
498 456 496 
539 499 497 
500 458 498 
541 501 499 
502 460 500 
543 503 501 
504 462 502 
545 505 503 
506 464 504 
547 507 505 
508 466 506 
549 509 507 
510 468 508 
551 511 509 
512 470 510 
553 513 511 
514 472 512 
555 515 513 
516 474 514 
557 517 515 
518 476 516 
559 519 517 
800 478 518 
561 521 800 
522 480 520 
563 523 521 
524 482 522 
565 525 523 
526 484 524 
567 527 525 
528 486 526 
569 529 527 
530 488 528 
571 531 529 
532 490 530 
573 533 531 
534 492 532 
575 535 533 
536 494 534 
577 537 535 
538 496 536 
579 539 537 
540 498 538 
581 541 539 
542 500 540 
583 543 541 
544 502 542 
585 545 543 
546 504 544 
587 547 545 
548 506 546 
589 549 547 
550 508 548 
591 551 549 
552 510 550 
593 553 551 
554 512 552 
595 555 553 
556 514 554 
597 557 555 
558 516 556 
599 559 557 
800 518 558 
601 561 800 
562 520 560 
603 563 561 
564 522 562 
605 565 563 
566 524 564 
607 567 565 
568 526 566 
609 569 567 
570 528 568 
611 571 569 
572 530 570 
613 573 571 
574 532 572 
615 575 573 
576 534 574 
617 577 575 
578 536 576 
619 579 577 
580 538 578 
621 581 579 
582 540 580 
623 583 581 
584 542 582 
625 585 583 
586 544 584 
627 587 585 
588 546 586 
629 589 587 
590 548 588 
631 591 589 
592 550 590 
633 593 591 
594 552 592 
635 595 593 
596 554 594 
637 597 595 
598 556 596 
639 599 597 
800 558 598 
641 601 800 
602 560 600 
643 603 601 
604 562 602 
645 605 603 
606 564 604 
647 607 605 
608 566 606 
649 609 607 
610 568 608 
651 611 609 
612 570 610 
653 613 611 
614 572 612 
655 615 613 
616 574 614 
657 617 615 
618 576 616 
659 619 617 
620 578 618 
661 621 619 
622 580 620 
663 623 621 
624 582 622 
665 625 623 
626 584 624 
667 627 625 
628 586 626 
669 629 627 
630 588 628 
671 631 629 
632 590 630 
673 633 631 
634 592 632 
675 635 633 
636 594 634 
677 637 635 
638 596 636 
679 639 637 
800 598 638 
681 641 800 
642 600 640 
683 643 641 
644 602 642 
685 645 643 
646 604 644 
687 647 645 
648 606 646 
689 649 647 
650 608 648 
691 651 649 
652 610 650 
693 653 651 
654 612 652 
695 655 653 
656 614 654 
697 657 655 
658 616 656 
699 659 657 
660 618 658 
701 661 659 
662 620 660 
703 663 661 
664 622 662 
705 665 663 
666 624 664 
707 667 665 
668 626 666 
709 669 667 
670 628 668 
711 671 669 
672 630 670 
713 673 671 
674 632 672 
715 675 673 
676 634 674 
717 677 675 
678 636 676 
719 679 677 
800 638 678 
721 681 800 
682 640 680 
723 683 681 
684 642 682 
725 685 683 
686 644 684 
727 687 685 
688 646 686 
729 689 687 
690 648 688 
731 691 689 
692 650 690 
733 693 691 
694 652 692 
735 695 693 
696 654 694 
737 697 695 
698 656 696 
739 699 697 
700 658 698 
741 701 699 
702 660 700 
743 703 701 
704 662 702 
745 705 703 
706 664 704 
747 707 705 
708 666 706 
749 709 707 
710 668 708 
751 711 709 
712 670 710 
753 713 711 
714 672 712 
755 715 713 
716 674 714 
757 717 715 
718 676 716 
759 719 717 
800 678 718 
761 721 800 
722 680 720 
763 723 721 
724 682 722 
765 725 723 
726 684 724 
767 727 725 
728 686 726 
769 729 727 
730 688 728 
771 731 729 
732 690 730 
773 733 731 
734 692 732 
775 735 733 
736 694 734 
777 737 735 
738 696 736 
779 739 737 
740 698 738 
781 741 739 
742 700 740 
783 743 741 
744 702 742 
785 745 743 
746 704 744 
787 747 745 
748 706 746 
789 749 747 
750 708 748 
791 751 749 
752 710 750 
793 753 751 
754 712 752 
795 755 753 
756 714 754 
797 757 755 
758 716 756 
799 759 757 
800 718 758 
800 761 800 
762 720 760 
800 763 761 
764 722 762 
800 765 763 
766 724 764 
800 767 765 
768 726 766 
800 769 767 
770 728 768 
800 771 769 
772 730 770 
800 773 771 
774 732 772 
800 775 773 
776 734 774 
800 777 775 
778 736 776 
800 779 777 
780 738 778 
800 781 779 
782 740 780 
800 783 781 
784 742 782 
800 785 783 
786 744 784 
800 787 785 
788 746 786 
800 789 787 
790 748 788 
800 791 789 
792 750 790 
800 793 791 
794 752 792 
800 795 793 
796 754 794 
800 797 795 
798 756 796 
800 799 797 
800 758 798 

