2001
0 0 0 0
1 0.0005 0 0
2 0.001 0 0
3 0.0015 0 0
4 0.002 0 0
5 0.0025 0 0
6 0.003 0 0
7 0.0035 0 0
8 0.004 0 0
9 0.0045 0 0
10 0.005 0 0
11 0.0055 0 0
12 0.006 0 0
13 0.0065 0 0
14 0.007 0 0
15 0.0075 0 0
16 0.008 0 0
17 0.0085 0 0
18 0.009 0 0
19 0.0095 0 0
20 0.01 0 0
21 0.0105 0 0
22 0.011 0 0
23 0.0115 0 0
24 0.012 0 0
25 0.0125 0 0
26 0.013 0 0
27 0.0135 0 0
28 0.014 0 0
29 0.0145 0 0
30 0.015 0 0
31 0.0155 0 0
32 0.016 0 0
33 0.0165 0 0
34 0.017 0 0
35 0.0175 0 0
36 0.018 0 0
37 0.0185 0 0
38 0.019 0 0
39 0.0195 0 0
40 0.02 0 0
41 0.0205 0 0
42 0.021 0 0
43 0.0215 0 0
44 0.022 0 0
45 0.0225 0 0
46 0.023 0 0
47 0.0235 0 0
48 0.024 0 0
49 0.0245 0 0
50 0.025 0 0
51 0.0255 0 0
52 0.026 0 0
53 0.0265 0 0
54 0.027 0 0
55 0.0275 0 0
56 0.028 0 0
57 0.0285 0 0
58 0.029 0 0
59 0.0295 0 0
60 0.03 0 0
61 0.0305 0 0
62 0.031 0 0
63 0.0315 0 0
64 0.032 0 0
65 0.0325 0 0
66 0.033 0 0
67 0.0335 0 0
68 0.034 0 0
69 0.0345 0 0
70 0.035 0 0
71 0.0355 0 0
72 0.036 0 0
73 0.0365 0 0
74 0.037 0 0
75 0.0375 0 0
76 0.038 0 0
77 0.0385 0 0
78 0.039 0 0
79 0.0395 0 0
80 0.04 0 0
81 0.0405 0 0
82 0.041 0 0
83 0.0415 0 0
84 0.042 0 0
85 0.0425 0 0
86 0.043 0 0
87 0.0435 0 0
88 0.044 0 0
89 0.0445 0 0
90 0.045 0 0
91 0.0455 0 0
92 0.046 0 0
93 0.0465 0 0
94 0.047 0 0
95 0.0475 0 0
96 0.048 0 0
97 0.0485 0 0
98 0.049 0 0
99 0.0495 0 0
100 0.05 0 0
101 0.0505 0 0
102 0.051 0 0
103 0.0515 0 0
104 0.052 0 0
105 0.0525 0 0
106 0.053 0 0
107 0.0535 0 0
108 0.054 0 0
109 0.0545 0 0
110 0.055 0 0
111 0.0555 0 0
112 0.056 0 0
113 0.0565 0 0
114 0.057 0 0
115 0.0575 0 0
116 0.058 0 0
117 0.0585 0 0
118 0.059 0 0
119 0.0595 0 0
120 0.06 0 0
121 0.0605 0 0
122 0.061 0 0
123 0.0615 0 0
124 0.062 0 0
125 0.0625 0 0
126 0.063 0 0
127 0.0635 0 0
128 0.064 0 0
129 0.0645 0 0
130 0.065 0 0
131 0.0655 0 0
132 0.066 0 0
133 0.0665 0 0
134 0.067 0 0
135 0.0675 0 0
136 0.068 0 0
137 0.0685 0 0
138 0.069 0 0
139 0.0695 0 0
140 0.07 0 0
141 0.0705 0 0
142 0.071 0 0
143 0.0715 0 0
144 0.072 0 0
145 0.0725 0 0
146 0.073 0 0
147 0.0735 0 0
148 0.074 0 0
149 0.0745 0 0
150 0.075 0 0
151 0.0755 0 0
152 0.076 0 0
153 0.0765 0 0
154 0.077 0 0
155 0.0775 0 0
156 0.078 0 0
157 0.0785 0 0
158 0.079 0 0
159 0.0795 0 0
160 0.08 0 0
161 0.0805 0 0
162 0.081 0 0
163 0.0815 0 0
164 0.082 0 0
165 0.0825 0 0
166 0.083 0 0
167 0.0835 0 0
168 0.084 0 0
169 0.0845 0 0
170 0.085 0 0
171 0.0855 0 0
172 0.086 0 0
173 0.0865 0 0
174 0.087 0 0
175 0.0875 0 0
176 0.088 0 0
177 0.0885 0 0
178 0.089 0 0
179 0.0895 0 0
180 0.09 0 0
181 0.0905 0 0
182 0.091 0 0
183 0.0915 0 0
184 0.092 0 0
185 0.0925 0 0
186 0.093 0 0
187 0.0935 0 0
188 0.094 0 0
189 0.0945 0 0
190 0.095 0 0
191 0.0955 0 0
192 0.096 0 0
193 0.0965 0 0
194 0.097 0 0
195 0.0975 0 0
196 0.098 0 0
197 0.0985 0 0
198 0.099 0 0
199 0.0995 0 0
200 0.1 0 0
201 0.1005 0 0
202 0.101 0 0
203 0.1015 0 0
204 0.102 0 0
205 0.1025 0 0
206 0.103 0 0
207 0.1035 0 0
208 0.104 0 0
209 0.1045 0 0
210 0.105 0 0
211 0.1055 0 0
212 0.106 0 0
213 0.1065 0 0
214 0.107 0 0
215 0.1075 0 0
216 0.108 0 0
217 0.1085 0 0
218 0.109 0 0
219 0.1095 0 0
220 0.11 0 0
221 0.1105 0 0
222 0.111 0 0
223 0.1115 0 0
224 0.112 0 0
225 0.1125 0 0
226 0.113 0 0
227 0.1135 0 0
228 0.114 0 0
229 0.1145 0 0
230 0.115 0 0
231 0.1155 0 0
232 0.116 0 0
233 0.1165 0 0
234 0.117 0 0
235 0.1175 0 0
236 0.118 0 0
237 0.1185 0 0
238 0.119 0 0
239 0.1195 0 0
240 0.12 0 0
241 0.1205 0 0
242 0.121 0 0
243 0.1215 0 0
244 0.122 0 0
245 0.1225 0 0
246 0.123 0 0
247 0.1235 0 0
248 0.124 0 0
249 0.1245 0 0
250 0.125 0 0
251 0.1255 0 0
252 0.126 0 0
253 0.1265 0 0
254 0.127 0 0
255 0.1275 0 0
256 0.128 0 0
257 0.1285 0 0
258 0.129 0 0
259 0.1295 0 0
260 0.13 0 0
261 0.1305 0 0
262 0.131 0 0
263 0.1315 0 0
264 0.132 0 0
265 0.1325 0 0
266 0.133 0 0
267 0.1335 0 0
268 0.134 0 0
269 0.1345 0 0
270 0.135 0 0
271 0.1355 0 0
272 0.136 0 0
273 0.1365 0 0
274 0.137 0 0
275 0.1375 0 0
276 0.138 0 0
277 0.1385 0 0
278 0.139 0 0
279 0.1395 0 0
280 0.14 0 0
281 0.1405 0 0
282 0.141 0 0
283 0.1415 0 0
284 0.142 0 0
285 0.1425 0 0
286 0.143 0 0
287 0.1435 0 0
288 0.144 0 0
289 0.1445 0 0
290 0.145 0 0
291 0.1455 0 0
292 0.146 0 0
293 0.1465 0 0
294 0.147 0 0
295 0.1475 0 0
296 0.148 0 0
297 0.1485 0 0
298 0.149 0 0
299 0.1495 0 0
300 0.15 0 0
301 0.1505 0 0
302 0.151 0 0
303 0.1515 0 0
304 0.152 0 0
305 0.1525 0 0
306 0.153 0 0
307 0.1535 0 0
308 0.154 0 0
309 0.1545 0 0
310 0.155 0 0
311 0.1555 0 0
312 0.156 0 0
313 0.1565 0 0
314 0.157 0 0
315 0.1575 0 0
316 0.158 0 0
317 0.1585 0 0
318 0.159 0 0
319 0.1595 0 0
320 0.16 0 0
321 0.1605 0 0
322 0.161 0 0
323 0.1615 0 0
324 0.162 0 0
325 0.1625 0 0
326 0.163 0 0
327 0.1635 0 0
328 0.164 0 0
329 0.1645 0 0
330 0.165 0 0
331 0.1655 0 0
332 0.166 0 0
333 0.1665 0 0
334 0.167 0 0
335 0.1675 0 0
336 0.168 0 0
337 0.1685 0 0
338 0.169 0 0
339 0.1695 0 0
340 0.17 0 0
341 0.1705 0 0
342 0.171 0 0
343 0.1715 0 0
344 0.172 0 0
345 0.1725 0 0
346 0.173 0 0
347 0.1735 0 0
348 0.174 0 0
349 0.1745 0 0
350 0.175 0 0
351 0.1755 0 0
352 0.176 0 0
353 0.1765 0 0
354 0.177 0 0
355 0.1775 0 0
356 0.178 0 0
357 0.1785 0 0
358 0.179 0 0
359 0.1795 0 0
360 0.18 0 0
361 0.1805 0 0
362 0.181 0 0
363 0.1815 0 0
364 0.182 0 0
365 0.1825 0 0
366 0.183 0 0
367 0.1835 0 0
368 0.184 0 0
369 0.1845 0 0
370 0.185 0 0
371 0.1855 0 0
372 0.186 0 0
373 0.1865 0 0
374 0.187 0 0
375 0.1875 0 0
376 0.188 0 0
377 0.1885 0 0
378 0.189 0 0
379 0.1895 0 0
380 0.19 0 0
381 0.1905 0 0
382 0.191 0 0
383 0.1915 0 0
384 0.192 0 0
385 0.1925 0 0
386 0.193 0 0
387 0.1935 0 0
388 0.194 0 0
389 0.1945 0 0
390 0.195 0 0
391 0.1955 0 0
392 0.196 0 0
393 0.1965 0 0
394 0.197 0 0
395 0.1975 0 0
396 0.198 0 0
397 0.1985 0 0
398 0.199 0 0
399 0.1995 0 0
400 0.2 0 0
401 0.2005 0 0
402 0.201 0 0
403 0.2015 0 0
404 0.202 0 0
405 0.2025 0 0
406 0.203 0 0
407 0.2035 0 0
408 0.204 0 0
409 0.2045 0 0
410 0.205 0 0
411 0.2055 0 0
412 0.206 0 0
413 0.2065 0 0
414 0.207 0 0
415 0.2075 0 0
416 0.208 0 0
417 0.2085 0 0
418 0.209 0 0
419 0.2095 0 0
420 0.21 0 0
421 0.2105 0 0
422 0.211 0 0
423 0.2115 0 0
424 0.212 0 0
425 0.2125 0 0
426 0.213 0 0
427 0.2135 0 0
428 0.214 0 0
429 0.2145 0 0
430 0.215 0 0
431 0.2155 0 0
432 0.216 0 0
433 0.2165 0 0
434 0.217 0 0
435 0.2175 0 0
436 0.218 0 0
437 0.2185 0 0
438 0.219 0 0
439 0.2195 0 0
440 0.22 0 0
441 0.2205 0 0
442 0.221 0 0
443 0.2215 0 0
444 0.222 0 0
445 0.2225 0 0
446 0.223 0 0
447 0.2235 0 0
448 0.224 0 0
449 0.2245 0 0
450 0.225 0 0
451 0.2255 0 0
452 0.226 0 0
453 0.2265 0 0
454 0.227 0 0
455 0.2275 0 0
456 0.228 0 0
457 0.2285 0 0
458 0.229 0 0
459 0.2295 0 0
460 0.23 0 0
461 0.2305 0 0
462 0.231 0 0
463 0.2315 0 0
464 0.232 0 0
465 0.2325 0 0
466 0.233 0 0
467 0.2335 0 0
468 0.234 0 0
469 0.2345 0 0
470 0.235 0 0
471 0.2355 0 0
472 0.236 0 0
473 0.2365 0 0
474 0.237 0 0
475 0.2375 0 0
476 0.238 0 0
477 0.2385 0 0
478 0.239 0 0
479 0.2395 0 0
480 0.24 0 0
481 0.2405 0 0
482 0.241 0 0
483 0.2415 0 0
484 0.242 0 0
485 0.2425 0 0
486 0.243 0 0
487 0.2435 0 0
488 0.244 0 0
489 0.2445 0 0
490 0.245 0 0
491 0.2455 0 0
492 0.246 0 0
493 0.2465 0 0
494 0.247 0 0
495 0.2475 0 0
496 0.248 0 0
497 0.2485 0 0
498 0.249 0 0
499 0.2495 0 0
500 0.25 0 0
501 0.2505 0 0
502 0.251 0 0
503 0.2515 0 0
504 0.252 0 0
505 0.2525 0 0
506 0.253 0 0
507 0.2535 0 0
508 0.254 0 0
509 0.2545 0 0
510 0.255 0 0
511 0.2555 0 0
512 0.256 0 0
513 0.2565 0 0
514 0.257 0 0
515 0.2575 0 0
516 0.258 0 0
517 0.2585 0 0
518 0.259 0 0
519 0.2595 0 0
520 0.26 0 0
521 0.2605 0 0
522 0.261 0 0
523 0.2615 0 0
524 0.262 0 0
525 0.2625 0 0
526 0.263 0 0
527 0.2635 0 0
528 0.264 0 0
529 0.2645 0 0
530 0.265 0 0
531 0.2655 0 0
532 0.266 0 0
533 0.2665 0 0
534 0.267 0 0
535 0.2675 0 0
536 0.268 0 0
537 0.2685 0 0
538 0.269 0 0
539 0.2695 0 0
540 0.27 0 0
541 0.2705 0 0
542 0.271 0 0
543 0.2715 0 0
544 0.272 0 0
545 0.2725 0 0
546 0.273 0 0
547 0.2735 0 0
548 0.274 0 0
549 0.2745 0 0
550 0.275 0 0
551 0.2755 0 0
552 0.276 0 0
553 0.2765 0 0
554 0.277 0 0
555 0.2775 0 0
556 0.278 0 0
557 0.2785 0 0
558 0.279 0 0
559 0.2795 0 0
560 0.28 0 0
561 0.2805 0 0
562 0.281 0 0
563 0.2815 0 0
564 0.282 0 0
565 0.2825 0 0
566 0.283 0 0
567 0.2835 0 0
568 0.284 0 0
569 0.2845 0 0
570 0.285 0 0
571 0.2855 0 0
572 0.286 0 0
573 0.2865 0 0
574 0.287 0 0
575 0.2875 0 0
576 0.288 0 0
577 0.2885 0 0
578 0.289 0 0
579 0.2895 0 0
580 0.29 0 0
581 0.2905 0 0
582 0.291 0 0
583 0.2915 0 0
584 0.292 0 0
585 0.2925 0 0
586 0.293 0 0
587 0.2935 0 0
588 0.294 0 0
589 0.2945 0 0
590 0.295 0 0
591 0.2955 0 0
592 0.296 0 0
593 0.2965 0 0
594 0.297 0 0
595 0.2975 0 0
596 0.298 0 0
597 0.2985 0 0
598 0.299 0 0
599 0.2995 0 0
600 0.3 0 0
601 0.3005 0 0
602 0.301 0 0
603 0.3015 0 0
604 0.302 0 0
605 0.3025 0 0
606 0.303 0 0
607 0.3035 0 0
608 0.304 0 0
609 0.3045 0 0
610 0.305 0 0
611 0.3055 0 0
612 0.306 0 0
613 0.3065 0 0
614 0.307 0 0
615 0.3075 0 0
616 0.308 0 0
617 0.3085 0 0
618 0.309 0 0
619 0.3095 0 0
620 0.31 0 0
621 0.3105 0 0
622 0.311 0 0
623 0.3115 0 0
624 0.312 0 0
625 0.3125 0 0
626 0.313 0 0
627 0.3135 0 0
628 0.314 0 0
629 0.3145 0 0
630 0.315 0 0
631 0.3155 0 0
632 0.316 0 0
633 0.3165 0 0
634 0.317 0 0
635 0.3175 0 0
636 0.318 0 0
637 0.3185 0 0
638 0.319 0 0
639 0.3195 0 0
640 0.32 0 0
641 0.3205 0 0
642 0.321 0 0
643 0.3215 0 0
644 0.322 0 0
645 0.3225 0 0
646 0.323 0 0
647 0.3235 0 0
648 0.324 0 0
649 0.3245 0 0
650 0.325 0 0
651 0.3255 0 0
652 0.326 0 0
653 0.3265 0 0
654 0.327 0 0
655 0.3275 0 0
656 0.328 0 0
657 0.3285 0 0
658 0.329 0 0
659 0.3295 0 0
660 0.33 0 0
661 0.3305 0 0
662 0.331 0 0
663 0.3315 0 0
664 0.332 0 0
665 0.3325 0 0
666 0.333 0 0
667 0.3335 0 0
668 0.334 0 0
669 0.3345 0 0
670 0.335 0 0
671 0.3355 0 0
672 0.336 0 0
673 0.3365 0 0
674 0.337 0 0
675 0.3375 0 0
676 0.338 0 0
677 0.3385 0 0
678 0.339 0 0
679 0.3395 0 0
680 0.34 0 0
681 0.3405 0 0
682 0.341 0 0
683 0.3415 0 0
684 0.342 0 0
685 0.3425 0 0
686 0.343 0 0
687 0.3435 0 0
688 0.344 0 0
689 0.3445 0 0
690 0.345 0 0
691 0.3455 0 0
692 0.346 0 0
693 0.3465 0 0
694 0.347 0 0
695 0.3475 0 0
696 0.348 0 0
697 0.3485 0 0
698 0.349 0 0
699 0.3495 0 0
700 0.35 0 0
701 0.3505 0 0
702 0.351 0 0
703 0.3515 0 0
704 0.352 0 0
705 0.3525 0 0
706 0.353 0 0
707 0.3535 0 0
708 0.354 0 0
709 0.3545 0 0
710 0.355 0 0
711 0.3555 0 0
712 0.356 0 0
713 0.3565 0 0
714 0.357 0 0
715 0.3575 0 0
716 0.358 0 0
717 0.3585 0 0
718 0.359 0 0
719 0.3595 0 0
720 0.36 0 0
721 0.3605 0 0
722 0.361 0 0
723 0.3615 0 0
724 0.362 0 0
725 0.3625 0 0
726 0.363 0 0
727 0.3635 0 0
728 0.364 0 0
729 0.3645 0 0
730 0.365 0 0
731 0.3655 0 0
732 0.366 0 0
733 0.3665 0 0
734 0.367 0 0
735 0.3675 0 0
736 0.368 0 0
737 0.3685 0 0
738 0.369 0 0
739 0.3695 0 0
740 0.37 0 0
741 0.3705 0 0
742 0.371 0 0
743 0.3715 0 0
744 0.372 0 0
745 0.3725 0 0
746 0.373 0 0
747 0.3735 0 0
748 0.374 0 0
749 0.3745 0 0
750 0.375 0 0
751 0.3755 0 0
752 0.376 0 0
753 0.3765 0 0
754 0.377 0 0
755 0.3775 0 0
756 0.378 0 0
757 0.3785 0 0
758 0.379 0 0
759 0.3795 0 0
760 0.38 0 0
761 0.3805 0 0
762 0.381 0 0
763 0.3815 0 0
764 0.382 0 0
765 0.3825 0 0
766 0.383 0 0
767 0.3835 0 0
768 0.384 0 0
769 0.3845 0 0
770 0.385 0 0
771 0.3855 0 0
772 0.386 0 0
773 0.3865 0 0
774 0.387 0 0
775 0.3875 0 0
776 0.388 0 0
777 0.3885 0 0
778 0.389 0 0
779 0.3895 0 0
780 0.39 0 0
781 0.3905 0 0
782 0.391 0 0
783 0.3915 0 0
784 0.392 0 0
785 0.3925 0 0
786 0.393 0 0
787 0.3935 0 0
788 0.394 0 0
789 0.3945 0 0
790 0.395 0 0
791 0.3955 0 0
792 0.396 0 0
793 0.3965 0 0
794 0.397 0 0
795 0.3975 0 0
796 0.398 0 0
797 0.3985 0 0
798 0.399 0 0
799 0.3995 0 0
800 0.4 0 0
801 0.4005 0 0
802 0.401 0 0
803 0.4015 0 0
804 0.402 0 0
805 0.4025 0 0
806 0.403 0 0
807 0.4035 0 0
808 0.404 0 0
809 0.4045 0 0
810 0.405 0 0
811 0.4055 0 0
812 0.406 0 0
813 0.4065 0 0
814 0.407 0 0
815 0.4075 0 0
816 0.408 0 0
817 0.4085 0 0
818 0.409 0 0
819 0.4095 0 0
820 0.41 0 0
821 0.4105 0 0
822 0.411 0 0
823 0.4115 0 0
824 0.412 0 0
825 0.4125 0 0
826 0.413 0 0
827 0.4135 0 0
828 0.414 0 0
829 0.4145 0 0
830 0.415 0 0
831 0.4155 0 0
832 0.416 0 0
833 0.4165 0 0
834 0.417 0 0
835 0.4175 0 0
836 0.418 0 0
837 0.4185 0 0
838 0.419 0 0
839 0.4195 0 0
840 0.42 0 0
841 0.4205 0 0
842 0.421 0 0
843 0.4215 0 0
844 0.422 0 0
845 0.4225 0 0
846 0.423 0 0
847 0.4235 0 0
848 0.424 0 0
849 0.4245 0 0
850 0.425 0 0
851 0.4255 0 0
852 0.426 0 0
853 0.4265 0 0
854 0.427 0 0
855 0.4275 0 0
856 0.428 0 0
857 0.4285 0 0
858 0.429 0 0
859 0.4295 0 0
860 0.43 0 0
861 0.4305 0 0
862 0.431 0 0
863 0.4315 0 0
864 0.432 0 0
865 0.4325 0 0
866 0.433 0 0
867 0.4335 0 0
868 0.434 0 0
869 0.4345 0 0
870 0.435 0 0
871 0.4355 0 0
872 0.436 0 0
873 0.4365 0 0
874 0.437 0 0
875 0.4375 0 0
876 0.438 0 0
877 0.4385 0 0
878 0.439 0 0
879 0.4395 0 0
880 0.44 0 0
881 0.4405 0 0
882 0.441 0 0
883 0.4415 0 0
884 0.442 0 0
885 0.4425 0 0
886 0.443 0 0
887 0.4435 0 0
888 0.444 0 0
889 0.4445 0 0
890 0.445 0 0
891 0.4455 0 0
892 0.446 0 0
893 0.4465 0 0
894 0.447 0 0
895 0.4475 0 0
896 0.448 0 0
897 0.4485 0 0
898 0.449 0 0
899 0.4495 0 0
900 0.45 0 0
901 0.4505 0 0
902 0.451 0 0
903 0.4515 0 0
904 0.452 0 0
905 0.4525 0 0
906 0.453 0 0
907 0.4535 0 0
908 0.454 0 0
909 0.4545 0 0
910 0.455 0 0
911 0.4555 0 0
912 0.456 0 0
913 0.4565 0 0
914 0.457 0 0
915 0.4575 0 0
916 0.458 0 0
917 0.4585 0 0
918 0.459 0 0
919 0.4595 0 0
920 0.46 0 0
921 0.4605 0 0
922 0.461 0 0
923 0.4615 0 0
924 0.462 0 0
925 0.4625 0 0
926 0.463 0 0
927 0.4635 0 0
928 0.464 0 0
929 0.4645 0 0
930 0.465 0 0
931 0.4655 0 0
932 0.466 0 0
933 0.4665 0 0
934 0.467 0 0
935 0.4675 0 0
936 0.468 0 0
937 0.4685 0 0
938 0.469 0 0
939 0.4695 0 0
940 0.47 0 0
941 0.4705 0 0
942 0.471 0 0
943 0.4715 0 0
944 0.472 0 0
945 0.4725 0 0
946 0.473 0 0
947 0.4735 0 0
948 0.474 0 0
949 0.4745 0 0
950 0.475 0 0
951 0.4755 0 0
952 0.476 0 0
953 0.4765 0 0
954 0.477 0 0
955 0.4775 0 0
956 0.478 0 0
957 0.4785 0 0
958 0.479 0 0
959 0.4795 0 0
960 0.48 0 0
961 0.4805 0 0
962 0.481 0 0
963 0.4815 0 0
964 0.482 0 0
965 0.4825 0 0
966 0.483 0 0
967 0.4835 0 0
968 0.484 0 0
969 0.4845 0 0
970 0.485 0 0
971 0.4855 0 0
972 0.486 0 0
973 0.4865 0 0
974 0.487 0 0
975 0.4875 0 0
976 0.488 0 0
977 0.4885 0 0
978 0.489 0 0
979 0.4895 0 0
980 0.49 0 0
981 0.4905 0 0
982 0.491 0 0
983 0.4915 0 0
984 0.492 0 0
985 0.4925 0 0
986 0.493 0 0
987 0.4935 0 0
988 0.494 0 0
989 0.4945 0 0
990 0.495 0 0
991 0.4955 0 0
992 0.496 0 0
993 0.4965 0 0
994 0.497 0 0
995 0.4975 0 0
996 0.498 0 0
997 0.4985 0 0
998 0.499 0 0
999 0.4995 0 0
1000 0.5 0 0
1001 0.5005 0 0
1002 0.501 0 0
1003 0.5015 0 0
1004 0.502 0 0
1005 0.5025 0 0
1006 0.503 0 0
1007 0.5035 0 0
1008 0.504 0 0
1009 0.5045 0 0
1010 0.505 0 0
1011 0.5055 0 0
1012 0.506 0 0
1013 0.5065 0 0
1014 0.507 0 0
1015 0.5075 0 0
1016 0.508 0 0
1017 0.5085 0 0
1018 0.509 0 0
1019 0.5095 0 0
1020 0.51 0 0
1021 0.5105 0 0
1022 0.511 0 0
1023 0.5115 0 0
1024 0.512 0 0
1025 0.5125 0 0
1026 0.513 0 0
1027 0.5135 0 0
1028 0.514 0 0
1029 0.5145 0 0
1030 0.515 0 0
1031 0.5155 0 0
1032 0.516 0 0
1033 0.5165 0 0
1034 0.517 0 0
1035 0.5175 0 0
1036 0.518 0 0
1037 0.5185 0 0
1038 0.519 0 0
1039 0.5195 0 0
1040 0.52 0 0
1041 0.5205 0 0
1042 0.521 0 0
1043 0.5215 0 0
1044 0.522 0 0
1045 0.5225 0 0
1046 0.523 0 0
1047 0.5235 0 0
1048 0.524 0 0
1049 0.5245 0 0
1050 0.525 0 0
1051 0.5255 0 0
1052 0.526 0 0
1053 0.5265 0 0
1054 0.527 0 0
1055 0.5275 0 0
1056 0.528 0 0
1057 0.5285 0 0
1058 0.529 0 0
1059 0.5295 0 0
1060 0.53 0 0
1061 0.5305 0 0
1062 0.531 0 0
1063 0.5315 0 0
1064 0.532 0 0
1065 0.5325 0 0
1066 0.533 0 0
1067 0.5335 0 0
1068 0.534 0 0
1069 0.5345 0 0
1070 0.535 0 0
1071 0.5355 0 0
1072 0.536 0 0
1073 0.5365 0 0
1074 0.537 0 0
1075 0.5375 0 0
1076 0.538 0 0
1077 0.5385 0 0
1078 0.539 0 0
1079 0.5395 0 0
1080 0.54 0 0
1081 0.5405 0 0
1082 0.541 0 0
1083 0.5415 0 0
1084 0.542 0 0
1085 0.5425 0 0
1086 0.543 0 0
1087 0.5435 0 0
1088 0.544 0 0
1089 0.5445 0 0
1090 0.545 0 0
1091 0.5455 0 0
1092 0.546 0 0
1093 0.5465 0 0
1094 0.547 0 0
1095 0.5475 0 0
1096 0.548 0 0
1097 0.5485 0 0
1098 0.549 0 0
1099 0.5495 0 0
1100 0.55 0 0
1101 0.5505 0 0
1102 0.551 0 0
1103 0.5515 0 0
1104 0.552 0 0
1105 0.5525 0 0
1106 0.553 0 0
1107 0.5535 0 0
1108 0.554 0 0
1109 0.5545 0 0
1110 0.555 0 0
1111 0.5555 0 0
1112 0.556 0 0
1113 0.5565 0 0
1114 0.557 0 0
1115 0.5575 0 0
1116 0.558 0 0
1117 0.5585 0 0
1118 0.559 0 0
1119 0.5595 0 0
1120 0.56 0 0
1121 0.5605 0 0
1122 0.561 0 0
1123 0.5615 0 0
1124 0.562 0 0
1125 0.5625 0 0
1126 0.563 0 0
1127 0.5635 0 0
1128 0.564 0 0
1129 0.5645 0 0
1130 0.565 0 0
1131 0.5655 0 0
1132 0.566 0 0
1133 0.5665 0 0
1134 0.567 0 0
1135 0.5675 0 0
1136 0.568 0 0
1137 0.5685 0 0
1138 0.569 0 0
1139 0.5695 0 0
1140 0.57 0 0
1141 0.5705 0 0
1142 0.571 0 0
1143 0.5715 0 0
1144 0.572 0 0
1145 0.5725 0 0
1146 0.573 0 0
1147 0.5735 0 0
1148 0.574 0 0
1149 0.5745 0 0
1150 0.575 0 0
1151 0.5755 0 0
1152 0.576 0 0
1153 0.5765 0 0
1154 0.577 0 0
1155 0.5775 0 0
1156 0.578 0 0
1157 0.5785 0 0
1158 0.579 0 0
1159 0.5795 0 0
1160 0.58 0 0
1161 0.5805 0 0
1162 0.581 0 0
1163 0.5815 0 0
1164 0.582 0 0
1165 0.5825 0 0
1166 0.583 0 0
1167 0.5835 0 0
1168 0.584 0 0
1169 0.5845 0 0
1170 0.585 0 0
1171 0.5855 0 0
1172 0.586 0 0
1173 0.5865 0 0
1174 0.587 0 0
1175 0.5875 0 0
1176 0.588 0 0
1177 0.5885 0 0
1178 0.589 0 0
1179 0.5895 0 0
1180 0.59 0 0
1181 0.5905 0 0
1182 0.591 0 0
1183 0.5915 0 0
1184 0.592 0 0
1185 0.5925 0 0
1186 0.593 0 0
1187 0.5935 0 0
1188 0.594 0 0
1189 0.5945 0 0
1190 0.595 0 0
1191 0.5955 0 0
1192 0.596 0 0
1193 0.5965 0 0
1194 0.597 0 0
1195 0.5975 0 0
1196 0.598 0 0
1197 0.5985 0 0
1198 0.599 0 0
1199 0.5995 0 0
1200 0.6 0 0
1201 0.6005 0 0
1202 0.601 0 0
1203 0.6015 0 0
1204 0.602 0 0
1205 0.6025 0 0
1206 0.603 0 0
1207 0.6035 0 0
1208 0.604 0 0
1209 0.6045 0 0
1210 0.605 0 0
1211 0.6055 0 0
1212 0.606 0 0
1213 0.6065 0 0
1214 0.607 0 0
1215 0.6075 0 0
1216 0.608 0 0
1217 0.6085 0 0
1218 0.609 0 0
1219 0.6095 0 0
1220 0.61 0 0
1221 0.6105 0 0
1222 0.611 0 0
1223 0.6115 0 0
1224 0.612 0 0
1225 0.6125 0 0
1226 0.613 0 0
1227 0.6135 0 0
1228 0.614 0 0
1229 0.6145 0 0
1230 0.615 0 0
1231 0.6155 0 0
1232 0.616 0 0
1233 0.6165 0 0
1234 0.617 0 0
1235 0.6175 0 0
1236 0.618 0 0
1237 0.6185 0 0
1238 0.619 0 0
1239 0.6195 0 0
1240 0.62 0 0
1241 0.6205 0 0
1242 0.621 0 0
1243 0.6215 0 0
1244 0.622 0 0
1245 0.6225 0 0
1246 0.623 0 0
1247 0.6235 0 0
1248 0.624 0 0
1249 0.6245 0 0
1250 0.625 0 0
1251 0.6255 0 0
1252 0.626 0 0
1253 0.6265 0 0
1254 0.627 0 0
1255 0.6275 0 0
1256 0.628 0 0
1257 0.6285 0 0
1258 0.629 0 0
1259 0.6295 0 0
1260 0.63 0 0
1261 0.6305 0 0
1262 0.631 0 0
1263 0.6315 0 0
1264 0.632 0 0
1265 0.6325 0 0
1266 0.633 0 0
1267 0.6335 0 0
1268 0.634 0 0
1269 0.6345 0 0
1270 0.635 0 0
1271 0.6355 0 0
1272 0.636 0 0
1273 0.6365 0 0
1274 0.637 0 0
1275 0.6375 0 0
1276 0.638 0 0
1277 0.6385 0 0
1278 0.639 0 0
1279 0.6395 0 0
1280 0.64 0 0
1281 0.6405 0 0
1282 0.641 0 0
1283 0.6415 0 0
1284 0.642 0 0
1285 0.6425 0 0
1286 0.643 0 0
1287 0.6435 0 0
1288 0.644 0 0
1289 0.6445 0 0
1290 0.645 0 0
1291 0.6455 0 0
1292 0.646 0 0
1293 0.6465 0 0
1294 0.647 0 0
1295 0.6475 0 0
1296 0.648 0 0
1297 0.6485 0 0
1298 0.649 0 0
1299 0.6495 0 0
1300 0.65 0 0
1301 0.6505 0 0
1302 0.651 0 0
1303 0.6515 0 0
1304 0.652 0 0
1305 0.6525 0 0
1306 0.653 0 0
1307 0.6535 0 0
1308 0.654 0 0
1309 0.6545 0 0
1310 0.655 0 0
1311 0.6555 0 0
1312 0.656 0 0
1313 0.6565 0 0
1314 0.657 0 0
1315 0.6575 0 0
1316 0.658 0 0
1317 0.6585 0 0
1318 0.659 0 0
1319 0.6595 0 0
1320 0.66 0 0
1321 0.6605 0 0
1322 0.661 0 0
1323 0.6615 0 0
1324 0.662 0 0
1325 0.6625 0 0
1326 0.663 0 0
1327 0.6635 0 0
1328 0.664 0 0
1329 0.6645 0 0
1330 0.665 0 0
1331 0.6655 0 0
1332 0.666 0 0
1333 0.6665 0 0
1334 0.667 0 0
1335 0.6675 0 0
1336 0.668 0 0
1337 0.6685 0 0
1338 0.669 0 0
1339 0.6695 0 0
1340 0.67 0 0
1341 0.6705 0 0
1342 0.671 0 0
1343 0.6715 0 0
1344 0.672 0 0
1345 0.6725 0 0
1346 0.673 0 0
1347 0.6735 0 0
1348 0.674 0 0
1349 0.6745 0 0
1350 0.675 0 0
1351 0.6755 0 0
1352 0.676 0 0
1353 0.6765 0 0
1354 0.677 0 0
1355 0.6775 0 0
1356 0.678 0 0
1357 0.6785 0 0
1358 0.679 0 0
1359 0.6795 0 0
1360 0.68 0 0
1361 0.6805 0 0
1362 0.681 0 0
1363 0.6815 0 0
1364 0.682 0 0
1365 0.6825 0 0
1366 0.683 0 0
1367 0.6835 0 0
1368 0.684 0 0
1369 0.6845 0 0
1370 0.685 0 0
1371 0.6855 0 0
1372 0.686 0 0
1373 0.6865 0 0
1374 0.687 0 0
1375 0.6875 0 0
1376 0.688 0 0
1377 0.6885 0 0
1378 0.689 0 0
1379 0.6895 0 0
1380 0.69 0 0
1381 0.6905 0 0
1382 0.691 0 0
1383 0.6915 0 0
1384 0.692 0 0
1385 0.6925 0 0
1386 0.693 0 0
1387 0.6935 0 0
1388 0.694 0 0
1389 0.6945 0 0
1390 0.695 0 0
1391 0.6955 0 0
1392 0.696 0 0
1393 0.6965 0 0
1394 0.697 0 0
1395 0.6975 0 0
1396 0.698 0 0
1397 0.6985 0 0
1398 0.699 0 0
1399 0.6995 0 0
1400 0.7 0 0
1401 0.7005 0 0
1402 0.701 0 0
1403 0.7015 0 0
1404 0.702 0 0
1405 0.7025 0 0
1406 0.703 0 0
1407 0.7035 0 0
1408 0.704 0 0
1409 0.7045 0 0
1410 0.705 0 0
1411 0.7055 0 0
1412 0.706 0 0
1413 0.7065 0 0
1414 0.707 0 0
1415 0.7075 0 0
1416 0.708 0 0
1417 0.7085 0 0
1418 0.709 0 0
1419 0.7095 0 0
1420 0.71 0 0
1421 0.7105 0 0
1422 0.711 0 0
1423 0.7115 0 0
1424 0.712 0 0
1425 0.7125 0 0
1426 0.713 0 0
1427 0.7135 0 0
1428 0.714 0 0
1429 0.7145 0 0
1430 0.715 0 0
1431 0.7155 0 0
1432 0.716 0 0
1433 0.7165 0 0
1434 0.717 0 0
1435 0.7175 0 0
1436 0.718 0 0
1437 0.7185 0 0
1438 0.719 0 0
1439 0.7195 0 0
1440 0.72 0 0
1441 0.7205 0 0
1442 0.721 0 0
1443 0.7215 0 0
1444 0.722 0 0
1445 0.7225 0 0
1446 0.723 0 0
1447 0.7235 0 0
1448 0.724 0 0
1449 0.7245 0 0
1450 0.725 0 0
1451 0.7255 0 0
1452 0.726 0 0
1453 0.7265 0 0
1454 0.727 0 0
1455 0.7275 0 0
1456 0.728 0 0
1457 0.7285 0 0
1458 0.729 0 0
1459 0.7295 0 0
1460 0.73 0 0
1461 0.7305 0 0
1462 0.731 0 0
1463 0.7315 0 0
1464 0.732 0 0
1465 0.7325 0 0
1466 0.733 0 0
1467 0.7335 0 0
1468 0.734 0 0
1469 0.7345 0 0
1470 0.735 0 0
1471 0.7355 0 0
1472 0.736 0 0
1473 0.7365 0 0
1474 0.737 0 0
1475 0.7375 0 0
1476 0.738 0 0
1477 0.7385 0 0
1478 0.739 0 0
1479 0.7395 0 0
1480 0.74 0 0
1481 0.7405 0 0
1482 0.741 0 0
1483 0.7415 0 0
1484 0.742 0 0
1485 0.7425 0 0
1486 0.743 0 0
1487 0.7435 0 0
1488 0.744 0 0
1489 0.7445 0 0
1490 0.745 0 0
1491 0.7455 0 0
1492 0.746 0 0
1493 0.7465 0 0
1494 0.747 0 0
1495 0.7475 0 0
1496 0.748 0 0
1497 0.7485 0 0
1498 0.749 0 0
1499 0.7495 0 0
1500 0.75 0 0
1501 0.7505 0 0
1502 0.751 0 0
1503 0.7515 0 0
1504 0.752 0 0
1505 0.7525 0 0
1506 0.753 0 0
1507 0.7535 0 0
1508 0.754 0 0
1509 0.7545 0 0
1510 0.755 0 0
1511 0.7555 0 0
1512 0.756 0 0
1513 0.7565 0 0
1514 0.757 0 0
1515 0.7575 0 0
1516 0.758 0 0
1517 0.7585 0 0
1518 0.759 0 0
1519 0.7595 0 0
1520 0.76 0 0
1521 0.7605 0 0
1522 0.761 0 0
1523 0.7615 0 0
1524 0.762 0 0
1525 0.7625 0 0
1526 0.763 0 0
1527 0.7635 0 0
1528 0.764 0 0
1529 0.7645 0 0
1530 0.765 0 0
1531 0.7655 0 0
1532 0.766 0 0
1533 0.7665 0 0
1534 0.767 0 0
1535 0.7675 0 0
1536 0.768 0 0
1537 0.7685 0 0
1538 0.769 0 0
1539 0.7695 0 0
1540 0.77 0 0
1541 0.7705 0 0
1542 0.771 0 0
1543 0.7715 0 0
1544 0.772 0 0
1545 0.7725 0 0
1546 0.773 0 0
1547 0.7735 0 0
1548 0.774 0 0
1549 0.7745 0 0
1550 0.775 0 0
1551 0.7755 0 0
1552 0.776 0 0
1553 0.7765 0 0
1554 0.777 0 0
1555 0.7775 0 0
1556 0.778 0 0
1557 0.7785 0 0
1558 0.779 0 0
1559 0.7795 0 0
1560 0.78 0 0
1561 0.7805 0 0
1562 0.781 0 0
1563 0.7815 0 0
1564 0.782 0 0
1565 0.7825 0 0
1566 0.783 0 0
1567 0.7835 0 0
1568 0.784 0 0
1569 0.7845 0 0
1570 0.785 0 0
1571 0.7855 0 0
1572 0.786 0 0
1573 0.7865 0 0
1574 0.787 0 0
1575 0.7875 0 0
1576 0.788 0 0
1577 0.7885 0 0
1578 0.789 0 0
1579 0.7895 0 0
1580 0.79 0 0
1581 0.7905 0 0
1582 0.791 0 0
1583 0.7915 0 0
1584 0.792 0 0
1585 0.7925 0 0
1586 0.793 0 0
1587 0.7935 0 0
1588 0.794 0 0
1589 0.7945 0 0
1590 0.795 0 0
1591 0.7955 0 0
1592 0.796 0 0
1593 0.7965 0 0
1594 0.797 0 0
1595 0.7975 0 0
1596 0.798 0 0
1597 0.7985 0 0
1598 0.799 0 0
1599 0.7995 0 0
1600 0.8 0 0
1601 0.8005 0 0
1602 0.801 0 0
1603 0.8015 0 0
1604 0.802 0 0
1605 0.8025 0 0
1606 0.803 0 0
1607 0.8035 0 0
1608 0.804 0 0
1609 0.8045 0 0
1610 0.805 0 0
1611 0.8055 0 0
1612 0.806 0 0
1613 0.8065 0 0
1614 0.807 0 0
1615 0.8075 0 0
1616 0.808 0 0
1617 0.8085 0 0
1618 0.809 0 0
1619 0.8095 0 0
1620 0.81 0 0
1621 0.8105 0 0
1622 0.811 0 0
1623 0.8115 0 0
1624 0.812 0 0
1625 0.8125 0 0
1626 0.813 0 0
1627 0.8135 0 0
1628 0.814 0 0
1629 0.8145 0 0
1630 0.815 0 0
1631 0.8155 0 0
1632 0.816 0 0
1633 0.8165 0 0
1634 0.817 0 0
1635 0.8175 0 0
1636 0.818 0 0
1637 0.8185 0 0
1638 0.819 0 0
1639 0.8195 0 0
1640 0.82 0 0
1641 0.8205 0 0
1642 0.821 0 0
1643 0.8215 0 0
1644 0.822 0 0
1645 0.8225 0 0
1646 0.823 0 0
1647 0.8235 0 0
1648 0.824 0 0
1649 0.8245 0 0
1650 0.825 0 0
1651 0.8255 0 0
1652 0.826 0 0
1653 0.8265 0 0
1654 0.827 0 0
1655 0.8275 0 0
1656 0.828 0 0
1657 0.8285 0 0
1658 0.829 0 0
1659 0.8295 0 0
1660 0.83 0 0
1661 0.8305 0 0
1662 0.831 0 0
1663 0.8315 0 0
1664 0.832 0 0
1665 0.8325 0 0
1666 0.833 0 0
1667 0.8335 0 0
1668 0.834 0 0
1669 0.8345 0 0
1670 0.835 0 0
1671 0.8355 0 0
1672 0.836 0 0
1673 0.8365 0 0
1674 0.837 0 0
1675 0.8375 0 0
1676 0.838 0 0
1677 0.8385 0 0
1678 0.839 0 0
1679 0.8395 0 0
1680 0.84 0 0
1681 0.8405 0 0
1682 0.841 0 0
1683 0.8415 0 0
1684 0.842 0 0
1685 0.8425 0 0
1686 0.843 0 0
1687 0.8435 0 0
1688 0.844 0 0
1689 0.8445 0 0
1690 0.845 0 0
1691 0.8455 0 0
1692 0.846 0 0
1693 0.8465 0 0
1694 0.847 0 0
1695 0.8475 0 0
1696 0.848 0 0
1697 0.8485 0 0
1698 0.849 0 0
1699 0.8495 0 0
1700 0.85 0 0
1701 0.8505 0 0
1702 0.851 0 0
1703 0.8515 0 0
1704 0.852 0 0
1705 0.8525 0 0
1706 0.853 0 0
1707 0.8535 0 0
1708 0.854 0 0
1709 0.8545 0 0
1710 0.855 0 0
1711 0.8555 0 0
1712 0.856 0 0
1713 0.8565 0 0
1714 0.857 0 0
1715 0.8575 0 0
1716 0.858 0 0
1717 0.8585 0 0
1718 0.859 0 0
1719 0.8595 0 0
1720 0.86 0 0
1721 0.8605 0 0
1722 0.861 0 0
1723 0.8615 0 0
1724 0.862 0 0
1725 0.8625 0 0
1726 0.863 0 0
1727 0.8635 0 0
1728 0.864 0 0
1729 0.8645 0 0
1730 0.865 0 0
1731 0.8655 0 0
1732 0.866 0 0
1733 0.8665 0 0
1734 0.867 0 0
1735 0.8675 0 0
1736 0.868 0 0
1737 0.8685 0 0
1738 0.869 0 0
1739 0.8695 0 0
1740 0.87 0 0
1741 0.8705 0 0
1742 0.871 0 0
1743 0.8715 0 0
1744 0.872 0 0
1745 0.8725 0 0
1746 0.873 0 0
1747 0.8735 0 0
1748 0.874 0 0
1749 0.8745 0 0
1750 0.875 0 0
1751 0.8755 0 0
1752 0.876 0 0
1753 0.8765 0 0
1754 0.877 0 0
1755 0.8775 0 0
1756 0.878 0 0
1757 0.8785 0 0
1758 0.879 0 0
1759 0.8795 0 0
1760 0.88 0 0
1761 0.8805 0 0
1762 0.881 0 0
1763 0.8815 0 0
1764 0.882 0 0
1765 0.8825 0 0
1766 0.883 0 0
1767 0.8835 0 0
1768 0.884 0 0
1769 0.8845 0 0
1770 0.885 0 0
1771 0.8855 0 0
1772 0.886 0 0
1773 0.8865 0 0
1774 0.887 0 0
1775 0.8875 0 0
1776 0.888 0 0
1777 0.8885 0 0
1778 0.889 0 0
1779 0.8895 0 0
1780 0.89 0 0
1781 0.8905 0 0
1782 0.891 0 0
1783 0.8915 0 0
1784 0.892 0 0
1785 0.8925 0 0
1786 0.893 0 0
1787 0.8935 0 0
1788 0.894 0 0
1789 0.8945 0 0
1790 0.895 0 0
1791 0.8955 0 0
1792 0.896 0 0
1793 0.8965 0 0
1794 0.897 0 0
1795 0.8975 0 0
1796 0.898 0 0
1797 0.8985 0 0
1798 0.899 0 0
1799 0.8995 0 0
1800 0.9 0 0
1801 0.9005 0 0
1802 0.901 0 0
1803 0.9015 0 0
1804 0.902 0 0
1805 0.9025 0 0
1806 0.903 0 0
1807 0.9035 0 0
1808 0.904 0 0
1809 0.9045 0 0
1810 0.905 0 0
1811 0.9055 0 0
1812 0.906 0 0
1813 0.9065 0 0
1814 0.907 0 0
1815 0.9075 0 0
1816 0.908 0 0
1817 0.9085 0 0
1818 0.909 0 0
1819 0.9095 0 0
1820 0.91 0 0
1821 0.9105 0 0
1822 0.911 0 0
1823 0.9115 0 0
1824 0.912 0 0
1825 0.9125 0 0
1826 0.913 0 0
1827 0.9135 0 0
1828 0.914 0 0
1829 0.9145 0 0
1830 0.915 0 0
1831 0.9155 0 0
1832 0.916 0 0
1833 0.9165 0 0
1834 0.917 0 0
1835 0.9175 0 0
1836 0.918 0 0
1837 0.9185 0 0
1838 0.919 0 0
1839 0.9195 0 0
1840 0.92 0 0
1841 0.9205 0 0
1842 0.921 0 0
1843 0.9215 0 0
1844 0.922 0 0
1845 0.9225 0 0
1846 0.923 0 0
1847 0.9235 0 0
1848 0.924 0 0
1849 0.9245 0 0
1850 0.925 0 0
1851 0.9255 0 0
1852 0.926 0 0
1853 0.9265 0 0
1854 0.927 0 0
1855 0.9275 0 0
1856 0.928 0 0
1857 0.9285 0 0
1858 0.929 0 0
1859 0.9295 0 0
1860 0.93 0 0
1861 0.9305 0 0
1862 0.931 0 0
1863 0.9315 0 0
1864 0.932 0 0
1865 0.9325 0 0
1866 0.933 0 0
1867 0.9335 0 0
1868 0.934 0 0
1869 0.9345 0 0
1870 0.935 0 0
1871 0.9355 0 0
1872 0.936 0 0
1873 0.9365 0 0
1874 0.937 0 0
1875 0.9375 0 0
1876 0.938 0 0
1877 0.9385 0 0
1878 0.939 0 0
1879 0.9395 0 0
1880 0.94 0 0
1881 0.9405 0 0
1882 0.941 0 0
1883 0.9415 0 0
1884 0.942 0 0
1885 0.9425 0 0
1886 0.943 0 0
1887 0.9435 0 0
1888 0.944 0 0
1889 0.9445 0 0
1890 0.945 0 0
1891 0.9455 0 0
1892 0.946 0 0
1893 0.9465 0 0
1894 0.947 0 0
1895 0.9475 0 0
1896 0.948 0 0
1897 0.9485 0 0
1898 0.949 0 0
1899 0.9495 0 0
1900 0.95 0 0
1901 0.9505 0 0
1902 0.951 0 0
1903 0.9515 0 0
1904 0.952 0 0
1905 0.9525 0 0
1906 0.953 0 0
1907 0.9535 0 0
1908 0.954 0 0
1909 0.9545 0 0
1910 0.955 0 0
1911 0.9555 0 0
1912 0.956 0 0
1913 0.9565 0 0
1914 0.957 0 0
1915 0.9575 0 0
1916 0.958 0 0
1917 0.9585 0 0
1918 0.959 0 0
1919 0.9595 0 0
1920 0.96 0 0
1921 0.9605 0 0
1922 0.961 0 0
1923 0.9615 0 0
1924 0.962 0 0
1925 0.9625 0 0
1926 0.963 0 0
1927 0.9635 0 0
1928 0.964 0 0
1929 0.9645 0 0
1930 0.965 0 0
1931 0.9655 0 0
1932 0.966 0 0
1933 0.9665 0 0
1934 0.967 0 0
1935 0.9675 0 0
1936 0.968 0 0
1937 0.9685 0 0
1938 0.969 0 0
1939 0.9695 0 0
1940 0.97 0 0
1941 0.9705 0 0
1942 0.971 0 0
1943 0.9715 0 0
1944 0.972 0 0
1945 0.9725 0 0
1946 0.973 0 0
1947 0.9735 0 0
1948 0.974 0 0
1949 0.9745 0 0
1950 0.975 0 0
1951 0.9755 0 0
1952 0.976 0 0
1953 0.9765 0 0
1954 0.977 0 0
1955 0.9775 0 0
1956 0.978 0 0
1957 0.9785 0 0
1958 0.979 0 0
1959 0.9795 0 0
1960 0.98 0 0
1961 0.9805 0 0
1962 0.981 0 0
1963 0.9815 0 0
1964 0.982 0 0
1965 0.9825 0 0
1966 0.983 0 0
1967 0.9835 0 0
1968 0.984 0 0
1969 0.9845 0 0
1970 0.985 0 0
1971 0.9855 0 0
1972 0.986 0 0
1973 0.9865 0 0
1974 0.987 0 0
1975 0.9875 0 0
1976 0.988 0 0
1977 0.9885 0 0
1978 0.989 0 0
1979 0.9895 0 0
1980 0.99 0 0
1981 0.9905 0 0
1982 0.991 0 0
1983 0.9915 0 0
1984 0.992 0 0
1985 0.9925 0 0
1986 0.993 0 0
1987 0.9935 0 0
1988 0.994 0 0
1989 0.9945 0 0
1990 0.995 0 0
1991 0.9955 0 0
1992 0.996 0 0
1993 0.9965 0 0
1994 0.997 0 0
1995 0.9975 0 0
1996 0.998 0 0
1997 0.9985 0 0
1998 0.999 0 0
1999 0.9995 0 0
2000 1 0 0
2001
0 3 0 0 1 
1 3 0 1 2 
2 3 0 2 3 
3 3 0 3 4 
4 3 0 4 5 
5 3 0 5 6 
6 3 0 6 7 
7 3 0 7 8 
8 3 0 8 9 
9 3 0 9 10 
10 3 0 10 11 
11 3 0 11 12 
12 3 0 12 13 
13 3 0 13 14 
14 3 0 14 15 
15 3 0 15 16 
16 3 0 16 17 
17 3 0 17 18 
18 3 0 18 19 
19 3 0 19 20 
20 3 0 20 21 
21 3 0 21 22 
22 3 0 22 23 
23 3 0 23 24 
24 3 0 24 25 
25 3 0 25 26 
26 3 0 26 27 
27 3 0 27 28 
28 3 0 28 29 
29 3 0 29 30 
30 3 0 30 31 
31 3 0 31 32 
32 3 0 32 33 
33 3 0 33 34 
34 3 0 34 35 
35 3 0 35 36 
36 3 0 36 37 
37 3 0 37 38 
38 3 0 38 39 
39 3 0 39 40 
40 3 0 40 41 
41 3 0 41 42 
42 3 0 42 43 
43 3 0 43 44 
44 3 0 44 45 
45 3 0 45 46 
46 3 0 46 47 
47 3 0 47 48 
48 3 0 48 49 
49 3 0 49 50 
50 3 0 50 51 
51 3 0 51 52 
52 3 0 52 53 
53 3 0 53 54 
54 3 0 54 55 
55 3 0 55 56 
56 3 0 56 57 
57 3 0 57 58 
58 3 0 58 59 
59 3 0 59 60 
60 3 0 60 61 
61 3 0 61 62 
62 3 0 62 63 
63 3 0 63 64 
64 3 0 64 65 
65 3 0 65 66 
66 3 0 66 67 
67 3 0 67 68 
68 3 0 68 69 
69 3 0 69 70 
70 3 0 70 71 
71 3 0 71 72 
72 3 0 72 73 
73 3 0 73 74 
74 3 0 74 75 
75 3 0 75 76 
76 3 0 76 77 
77 3 0 77 78 
78 3 0 78 79 
79 3 0 79 80 
80 3 0 80 81 
81 3 0 81 82 
82 3 0 82 83 
83 3 0 83 84 
84 3 0 84 85 
85 3 0 85 86 
86 3 0 86 87 
87 3 0 87 88 
88 3 0 88 89 
89 3 0 89 90 
90 3 0 90 91 
91 3 0 91 92 
92 3 0 92 93 
93 3 0 93 94 
94 3 0 94 95 
95 3 0 95 96 
96 3 0 96 97 
97 3 0 97 98 
98 3 0 98 99 
99 3 0 99 100 
100 3 0 100 101 
101 3 0 101 102 
102 3 0 102 103 
103 3 0 103 104 
104 3 0 104 105 
105 3 0 105 106 
106 3 0 106 107 
107 3 0 107 108 
108 3 0 108 109 
109 3 0 109 110 
110 3 0 110 111 
111 3 0 111 112 
112 3 0 112 113 
113 3 0 113 114 
114 3 0 114 115 
115 3 0 115 116 
116 3 0 116 117 
117 3 0 117 118 
118 3 0 118 119 
119 3 0 119 120 
120 3 0 120 121 
121 3 0 121 122 
122 3 0 122 123 
123 3 0 123 124 
124 3 0 124 125 
125 3 0 125 126 
126 3 0 126 127 
127 3 0 127 128 
128 3 0 128 129 
129 3 0 129 130 
130 3 0 130 131 
131 3 0 131 132 
132 3 0 132 133 
133 3 0 133 134 
134 3 0 134 135 
135 3 0 135 136 
136 3 0 136 137 
137 3 0 137 138 
138 3 0 138 139 
139 3 0 139 140 
140 3 0 140 141 
141 3 0 141 142 
142 3 0 142 143 
143 3 0 143 144 
144 3 0 144 145 
145 3 0 145 146 
146 3 0 146 147 
147 3 0 147 148 
148 3 0 148 149 
149 3 0 149 150 
150 3 0 150 151 
151 3 0 151 152 
152 3 0 152 153 
153 3 0 153 154 
154 3 0 154 155 
155 3 0 155 156 
156 3 0 156 157 
157 3 0 157 158 
158 3 0 158 159 
159 3 0 159 160 
160 3 0 160 161 
161 3 0 161 162 
162 3 0 162 163 
163 3 0 163 164 
164 3 0 164 165 
165 3 0 165 166 
166 3 0 166 167 
167 3 0 167 168 
168 3 0 168 169 
169 3 0 169 170 
170 3 0 170 171 
171 3 0 171 172 
172 3 0 172 173 
173 3 0 173 174 
174 3 0 174 175 
175 3 0 175 176 
176 3 0 176 177 
177 3 0 177 178 
178 3 0 178 179 
179 3 0 179 180 
180 3 0 180 181 
181 3 0 181 182 
182 3 0 182 183 
183 3 0 183 184 
184 3 0 184 185 
185 3 0 185 186 
186 3 0 186 187 
187 3 0 187 188 
188 3 0 188 189 
189 3 0 189 190 
190 3 0 190 191 
191 3 0 191 192 
192 3 0 192 193 
193 3 0 193 194 
194 3 0 194 195 
195 3 0 195 196 
196 3 0 196 197 
197 3 0 197 198 
198 3 0 198 199 
199 3 0 199 200 
200 3 0 200 201 
201 3 0 201 202 
202 3 0 202 203 
203 3 0 203 204 
204 3 0 204 205 
205 3 0 205 206 
206 3 0 206 207 
207 3 0 207 208 
208 3 0 208 209 
209 3 0 209 210 
210 3 0 210 211 
211 3 0 211 212 
212 3 0 212 213 
213 3 0 213 214 
214 3 0 214 215 
215 3 0 215 216 
216 3 0 216 217 
217 3 0 217 218 
218 3 0 218 219 
219 3 0 219 220 
220 3 0 220 221 
221 3 0 221 222 
222 3 0 222 223 
223 3 0 223 224 
224 3 0 224 225 
225 3 0 225 226 
226 3 0 226 227 
227 3 0 227 228 
228 3 0 228 229 
229 3 0 229 230 
230 3 0 230 231 
231 3 0 231 232 
232 3 0 232 233 
233 3 0 233 234 
234 3 0 234 235 
235 3 0 235 236 
236 3 0 236 237 
237 3 0 237 238 
238 3 0 238 239 
239 3 0 239 240 
240 3 0 240 241 
241 3 0 241 242 
242 3 0 242 243 
243 3 0 243 244 
244 3 0 244 245 
245 3 0 245 246 
246 3 0 246 247 
247 3 0 247 248 
248 3 0 248 249 
249 3 0 249 250 
250 3 0 250 251 
251 3 0 251 252 
252 3 0 252 253 
253 3 0 253 254 
254 3 0 254 255 
255 3 0 255 256 
256 3 0 256 257 
257 3 0 257 258 
258 3 0 258 259 
259 3 0 259 260 
260 3 0 260 261 
261 3 0 261 262 
262 3 0 262 263 
263 3 0 263 264 
264 3 0 264 265 
265 3 0 265 266 
266 3 0 266 267 
267 3 0 267 268 
268 3 0 268 269 
269 3 0 269 270 
270 3 0 270 271 
271 3 0 271 272 
272 3 0 272 273 
273 3 0 273 274 
274 3 0 274 275 
275 3 0 275 276 
276 3 0 276 277 
277 3 0 277 278 
278 3 0 278 279 
279 3 0 279 280 
280 3 0 280 281 
281 3 0 281 282 
282 3 0 282 283 
283 3 0 283 284 
284 3 0 284 285 
285 3 0 285 286 
286 3 0 286 287 
287 3 0 287 288 
288 3 0 288 289 
289 3 0 289 290 
290 3 0 290 291 
291 3 0 291 292 
292 3 0 292 293 
293 3 0 293 294 
294 3 0 294 295 
295 3 0 295 296 
296 3 0 296 297 
297 3 0 297 298 
298 3 0 298 299 
299 3 0 299 300 
300 3 0 300 301 
301 3 0 301 302 
302 3 0 302 303 
303 3 0 303 304 
304 3 0 304 305 
305 3 0 305 306 
306 3 0 306 307 
307 3 0 307 308 
308 3 0 308 309 
309 3 0 309 310 
310 3 0 310 311 
311 3 0 311 312 
312 3 0 312 313 
313 3 0 313 314 
314 3 0 314 315 
315 3 0 315 316 
316 3 0 316 317 
317 3 0 317 318 
318 3 0 318 319 
319 3 0 319 320 
320 3 0 320 321 
321 3 0 321 322 
322 3 0 322 323 
323 3 0 323 324 
324 3 0 324 325 
325 3 0 325 326 
326 3 0 326 327 
327 3 0 327 328 
328 3 0 328 329 
329 3 0 329 330 
330 3 0 330 331 
331 3 0 331 332 
332 3 0 332 333 
333 3 0 333 334 
334 3 0 334 335 
335 3 0 335 336 
336 3 0 336 337 
337 3 0 337 338 
338 3 0 338 339 
339 3 0 339 340 
340 3 0 340 341 
341 3 0 341 342 
342 3 0 342 343 
343 3 0 343 344 
344 3 0 344 345 
345 3 0 345 346 
346 3 0 346 347 
347 3 0 347 348 
348 3 0 348 349 
349 3 0 349 350 
350 3 0 350 351 
351 3 0 351 352 
352 3 0 352 353 
353 3 0 353 354 
354 3 0 354 355 
355 3 0 355 356 
356 3 0 356 357 
357 3 0 357 358 
358 3 0 358 359 
359 3 0 359 360 
360 3 0 360 361 
361 3 0 361 362 
362 3 0 362 363 
363 3 0 363 364 
364 3 0 364 365 
365 3 0 365 366 
366 3 0 366 367 
367 3 0 367 368 
368 3 0 368 369 
369 3 0 369 370 
370 3 0 370 371 
371 3 0 371 372 
372 3 0 372 373 
373 3 0 373 374 
374 3 0 374 375 
375 3 0 375 376 
376 3 0 376 377 
377 3 0 377 378 
378 3 0 378 379 
379 3 0 379 380 
380 3 0 380 381 
381 3 0 381 382 
382 3 0 382 383 
383 3 0 383 384 
384 3 0 384 385 
385 3 0 385 386 
386 3 0 386 387 
387 3 0 387 388 
388 3 0 388 389 
389 3 0 389 390 
390 3 0 390 391 
391 3 0 391 392 
392 3 0 392 393 
393 3 0 393 394 
394 3 0 394 395 
395 3 0 395 396 
396 3 0 396 397 
397 3 0 397 398 
398 3 0 398 399 
399 3 0 399 400 
400 3 0 400 401 
401 3 0 401 402 
402 3 0 402 403 
403 3 0 403 404 
404 3 0 404 405 
405 3 0 405 406 
406 3 0 406 407 
407 3 0 407 408 
408 3 0 408 409 
409 3 0 409 410 
410 3 0 410 411 
411 3 0 411 412 
412 3 0 412 413 
413 3 0 413 414 
414 3 0 414 415 
415 3 0 415 416 
416 3 0 416 417 
417 3 0 417 418 
418 3 0 418 419 
419 3 0 419 420 
420 3 0 420 421 
421 3 0 421 422 
422 3 0 422 423 
423 3 0 423 424 
424 3 0 424 425 
425 3 0 425 426 
426 3 0 426 427 
427 3 0 427 428 
428 3 0 428 429 
429 3 0 429 430 
430 3 0 430 431 
431 3 0 431 432 
432 3 0 432 433 
433 3 0 433 434 
434 3 0 434 435 
435 3 0 435 436 
436 3 0 436 437 
437 3 0 437 438 
438 3 0 438 439 
439 3 0 439 440 
440 3 0 440 441 
441 3 0 441 442 
442 3 0 442 443 
443 3 0 443 444 
444 3 0 444 445 
445 3 0 445 446 
446 3 0 446 447 
447 3 0 447 448 
448 3 0 448 449 
449 3 0 449 450 
450 3 0 450 451 
451 3 0 451 452 
452 3 0 452 453 
453 3 0 453 454 
454 3 0 454 455 
455 3 0 455 456 
456 3 0 456 457 
457 3 0 457 458 
458 3 0 458 459 
459 3 0 459 460 
460 3 0 460 461 
461 3 0 461 462 
462 3 0 462 463 
463 3 0 463 464 
464 3 0 464 465 
465 3 0 465 466 
466 3 0 466 467 
467 3 0 467 468 
468 3 0 468 469 
469 3 0 469 470 
470 3 0 470 471 
471 3 0 471 472 
472 3 0 472 473 
473 3 0 473 474 
474 3 0 474 475 
475 3 0 475 476 
476 3 0 476 477 
477 3 0 477 478 
478 3 0 478 479 
479 3 0 479 480 
480 3 0 480 481 
481 3 0 481 482 
482 3 0 482 483 
483 3 0 483 484 
484 3 0 484 485 
485 3 0 485 486 
486 3 0 486 487 
487 3 0 487 488 
488 3 0 488 489 
489 3 0 489 490 
490 3 0 490 491 
491 3 0 491 492 
492 3 0 492 493 
493 3 0 493 494 
494 3 0 494 495 
495 3 0 495 496 
496 3 0 496 497 
497 3 0 497 498 
498 3 0 498 499 
499 3 0 499 500 
500 3 0 500 501 
501 3 0 501 502 
502 3 0 502 503 
503 3 0 503 504 
504 3 0 504 505 
505 3 0 505 506 
506 3 0 506 507 
507 3 0 507 508 
508 3 0 508 509 
509 3 0 509 510 
510 3 0 510 511 
511 3 0 511 512 
512 3 0 512 513 
513 3 0 513 514 
514 3 0 514 515 
515 3 0 515 516 
516 3 0 516 517 
517 3 0 517 518 
518 3 0 518 519 
519 3 0 519 520 
520 3 0 520 521 
521 3 0 521 522 
522 3 0 522 523 
523 3 0 523 524 
524 3 0 524 525 
525 3 0 525 526 
526 3 0 526 527 
527 3 0 527 528 
528 3 0 528 529 
529 3 0 529 530 
530 3 0 530 531 
531 3 0 531 532 
532 3 0 532 533 
533 3 0 533 534 
534 3 0 534 535 
535 3 0 535 536 
536 3 0 536 537 
537 3 0 537 538 
538 3 0 538 539 
539 3 0 539 540 
540 3 0 540 541 
541 3 0 541 542 
542 3 0 542 543 
543 3 0 543 544 
544 3 0 544 545 
545 3 0 545 546 
546 3 0 546 547 
547 3 0 547 548 
548 3 0 548 549 
549 3 0 549 550 
550 3 0 550 551 
551 3 0 551 552 
552 3 0 552 553 
553 3 0 553 554 
554 3 0 554 555 
555 3 0 555 556 
556 3 0 556 557 
557 3 0 557 558 
558 3 0 558 559 
559 3 0 559 560 
560 3 0 560 561 
561 3 0 561 562 
562 3 0 562 563 
563 3 0 563 564 
564 3 0 564 565 
565 3 0 565 566 
566 3 0 566 567 
567 3 0 567 568 
568 3 0 568 569 
569 3 0 569 570 
570 3 0 570 571 
571 3 0 571 572 
572 3 0 572 573 
573 3 0 573 574 
574 3 0 574 575 
575 3 0 575 576 
576 3 0 576 577 
577 3 0 577 578 
578 3 0 578 579 
579 3 0 579 580 
580 3 0 580 581 
581 3 0 581 582 
582 3 0 582 583 
583 3 0 583 584 
584 3 0 584 585 
585 3 0 585 586 
586 3 0 586 587 
587 3 0 587 588 
588 3 0 588 589 
589 3 0 589 590 
590 3 0 590 591 
591 3 0 591 592 
592 3 0 592 593 
593 3 0 593 594 
594 3 0 594 595 
595 3 0 595 596 
596 3 0 596 597 
597 3 0 597 598 
598 3 0 598 599 
599 3 0 599 600 
600 3 0 600 601 
601 3 0 601 602 
602 3 0 602 603 
603 3 0 603 604 
604 3 0 604 605 
605 3 0 605 606 
606 3 0 606 607 
607 3 0 607 608 
608 3 0 608 609 
609 3 0 609 610 
610 3 0 610 611 
611 3 0 611 612 
612 3 0 612 613 
613 3 0 613 614 
614 3 0 614 615 
615 3 0 615 616 
616 3 0 616 617 
617 3 0 617 618 
618 3 0 618 619 
619 3 0 619 620 
620 3 0 620 621 
621 3 0 621 622 
622 3 0 622 623 
623 3 0 623 624 
624 3 0 624 625 
625 3 0 625 626 
626 3 0 626 627 
627 3 0 627 628 
628 3 0 628 629 
629 3 0 629 630 
630 3 0 630 631 
631 3 0 631 632 
632 3 0 632 633 
633 3 0 633 634 
634 3 0 634 635 
635 3 0 635 636 
636 3 0 636 637 
637 3 0 637 638 
638 3 0 638 639 
639 3 0 639 640 
640 3 0 640 641 
641 3 0 641 642 
642 3 0 642 643 
643 3 0 643 644 
644 3 0 644 645 
645 3 0 645 646 
646 3 0 646 647 
647 3 0 647 648 
648 3 0 648 649 
649 3 0 649 650 
650 3 0 650 651 
651 3 0 651 652 
652 3 0 652 653 
653 3 0 653 654 
654 3 0 654 655 
655 3 0 655 656 
656 3 0 656 657 
657 3 0 657 658 
658 3 0 658 659 
659 3 0 659 660 
660 3 0 660 661 
661 3 0 661 662 
662 3 0 662 663 
663 3 0 663 664 
664 3 0 664 665 
665 3 0 665 666 
666 3 0 666 667 
667 3 0 667 668 
668 3 0 668 669 
669 3 0 669 670 
670 3 0 670 671 
671 3 0 671 672 
672 3 0 672 673 
673 3 0 673 674 
674 3 0 674 675 
675 3 0 675 676 
676 3 0 676 677 
677 3 0 677 678 
678 3 0 678 679 
679 3 0 679 680 
680 3 0 680 681 
681 3 0 681 682 
682 3 0 682 683 
683 3 0 683 684 
684 3 0 684 685 
685 3 0 685 686 
686 3 0 686 687 
687 3 0 687 688 
688 3 0 688 689 
689 3 0 689 690 
690 3 0 690 691 
691 3 0 691 692 
692 3 0 692 693 
693 3 0 693 694 
694 3 0 694 695 
695 3 0 695 696 
696 3 0 696 697 
697 3 0 697 698 
698 3 0 698 699 
699 3 0 699 700 
700 3 0 700 701 
701 3 0 701 702 
702 3 0 702 703 
703 3 0 703 704 
704 3 0 704 705 
705 3 0 705 706 
706 3 0 706 707 
707 3 0 707 708 
708 3 0 708 709 
709 3 0 709 710 
710 3 0 710 711 
711 3 0 711 712 
712 3 0 712 713 
713 3 0 713 714 
714 3 0 714 715 
715 3 0 715 716 
716 3 0 716 717 
717 3 0 717 718 
718 3 0 718 719 
719 3 0 719 720 
720 3 0 720 721 
721 3 0 721 722 
722 3 0 722 723 
723 3 0 723 724 
724 3 0 724 725 
725 3 0 725 726 
726 3 0 726 727 
727 3 0 727 728 
728 3 0 728 729 
729 3 0 729 730 
730 3 0 730 731 
731 3 0 731 732 
732 3 0 732 733 
733 3 0 733 734 
734 3 0 734 735 
735 3 0 735 736 
736 3 0 736 737 
737 3 0 737 738 
738 3 0 738 739 
739 3 0 739 740 
740 3 0 740 741 
741 3 0 741 742 
742 3 0 742 743 
743 3 0 743 744 
744 3 0 744 745 
745 3 0 745 746 
746 3 0 746 747 
747 3 0 747 748 
748 3 0 748 749 
749 3 0 749 750 
750 3 0 750 751 
751 3 0 751 752 
752 3 0 752 753 
753 3 0 753 754 
754 3 0 754 755 
755 3 0 755 756 
756 3 0 756 757 
757 3 0 757 758 
758 3 0 758 759 
759 3 0 759 760 
760 3 0 760 761 
761 3 0 761 762 
762 3 0 762 763 
763 3 0 763 764 
764 3 0 764 765 
765 3 0 765 766 
766 3 0 766 767 
767 3 0 767 768 
768 3 0 768 769 
769 3 0 769 770 
770 3 0 770 771 
771 3 0 771 772 
772 3 0 772 773 
773 3 0 773 774 
774 3 0 774 775 
775 3 0 775 776 
776 3 0 776 777 
777 3 0 777 778 
778 3 0 778 779 
779 3 0 779 780 
780 3 0 780 781 
781 3 0 781 782 
782 3 0 782 783 
783 3 0 783 784 
784 3 0 784 785 
785 3 0 785 786 
786 3 0 786 787 
787 3 0 787 788 
788 3 0 788 789 
789 3 0 789 790 
790 3 0 790 791 
791 3 0 791 792 
792 3 0 792 793 
793 3 0 793 794 
794 3 0 794 795 
795 3 0 795 796 
796 3 0 796 797 
797 3 0 797 798 
798 3 0 798 799 
799 3 0 799 800 
800 3 0 800 801 
801 3 0 801 802 
802 3 0 802 803 
803 3 0 803 804 
804 3 0 804 805 
805 3 0 805 806 
806 3 0 806 807 
807 3 0 807 808 
808 3 0 808 809 
809 3 0 809 810 
810 3 0 810 811 
811 3 0 811 812 
812 3 0 812 813 
813 3 0 813 814 
814 3 0 814 815 
815 3 0 815 816 
816 3 0 816 817 
817 3 0 817 818 
818 3 0 818 819 
819 3 0 819 820 
820 3 0 820 821 
821 3 0 821 822 
822 3 0 822 823 
823 3 0 823 824 
824 3 0 824 825 
825 3 0 825 826 
826 3 0 826 827 
827 3 0 827 828 
828 3 0 828 829 
829 3 0 829 830 
830 3 0 830 831 
831 3 0 831 832 
832 3 0 832 833 
833 3 0 833 834 
834 3 0 834 835 
835 3 0 835 836 
836 3 0 836 837 
837 3 0 837 838 
838 3 0 838 839 
839 3 0 839 840 
840 3 0 840 841 
841 3 0 841 842 
842 3 0 842 843 
843 3 0 843 844 
844 3 0 844 845 
845 3 0 845 846 
846 3 0 846 847 
847 3 0 847 848 
848 3 0 848 849 
849 3 0 849 850 
850 3 0 850 851 
851 3 0 851 852 
852 3 0 852 853 
853 3 0 853 854 
854 3 0 854 855 
855 3 0 855 856 
856 3 0 856 857 
857 3 0 857 858 
858 3 0 858 859 
859 3 0 859 860 
860 3 0 860 861 
861 3 0 861 862 
862 3 0 862 863 
863 3 0 863 864 
864 3 0 864 865 
865 3 0 865 866 
866 3 0 866 867 
867 3 0 867 868 
868 3 0 868 869 
869 3 0 869 870 
870 3 0 870 871 
871 3 0 871 872 
872 3 0 872 873 
873 3 0 873 874 
874 3 0 874 875 
875 3 0 875 876 
876 3 0 876 877 
877 3 0 877 878 
878 3 0 878 879 
879 3 0 879 880 
880 3 0 880 881 
881 3 0 881 882 
882 3 0 882 883 
883 3 0 883 884 
884 3 0 884 885 
885 3 0 885 886 
886 3 0 886 887 
887 3 0 887 888 
888 3 0 888 889 
889 3 0 889 890 
890 3 0 890 891 
891 3 0 891 892 
892 3 0 892 893 
893 3 0 893 894 
894 3 0 894 895 
895 3 0 895 896 
896 3 0 896 897 
897 3 0 897 898 
898 3 0 898 899 
899 3 0 899 900 
900 3 0 900 901 
901 3 0 901 902 
902 3 0 902 903 
903 3 0 903 904 
904 3 0 904 905 
905 3 0 905 906 
906 3 0 906 907 
907 3 0 907 908 
908 3 0 908 909 
909 3 0 909 910 
910 3 0 910 911 
911 3 0 911 912 
912 3 0 912 913 
913 3 0 913 914 
914 3 0 914 915 
915 3 0 915 916 
916 3 0 916 917 
917 3 0 917 918 
918 3 0 918 919 
919 3 0 919 920 
920 3 0 920 921 
921 3 0 921 922 
922 3 0 922 923 
923 3 0 923 924 
924 3 0 924 925 
925 3 0 925 926 
926 3 0 926 927 
927 3 0 927 928 
928 3 0 928 929 
929 3 0 929 930 
930 3 0 930 931 
931 3 0 931 932 
932 3 0 932 933 
933 3 0 933 934 
934 3 0 934 935 
935 3 0 935 936 
936 3 0 936 937 
937 3 0 937 938 
938 3 0 938 939 
939 3 0 939 940 
940 3 0 940 941 
941 3 0 941 942 
942 3 0 942 943 
943 3 0 943 944 
944 3 0 944 945 
945 3 0 945 946 
946 3 0 946 947 
947 3 0 947 948 
948 3 0 948 949 
949 3 0 949 950 
950 3 0 950 951 
951 3 0 951 952 
952 3 0 952 953 
953 3 0 953 954 
954 3 0 954 955 
955 3 0 955 956 
956 3 0 956 957 
957 3 0 957 958 
958 3 0 958 959 
959 3 0 959 960 
960 3 0 960 961 
961 3 0 961 962 
962 3 0 962 963 
963 3 0 963 964 
964 3 0 964 965 
965 3 0 965 966 
966 3 0 966 967 
967 3 0 967 968 
968 3 0 968 969 
969 3 0 969 970 
970 3 0 970 971 
971 3 0 971 972 
972 3 0 972 973 
973 3 0 973 974 
974 3 0 974 975 
975 3 0 975 976 
976 3 0 976 977 
977 3 0 977 978 
978 3 0 978 979 
979 3 0 979 980 
980 3 0 980 981 
981 3 0 981 982 
982 3 0 982 983 
983 3 0 983 984 
984 3 0 984 985 
985 3 0 985 986 
986 3 0 986 987 
987 3 0 987 988 
988 3 0 988 989 
989 3 0 989 990 
990 3 0 990 991 
991 3 0 991 992 
992 3 0 992 993 
993 3 0 993 994 
994 3 0 994 995 
995 3 0 995 996 
996 3 0 996 997 
997 3 0 997 998 
998 3 0 998 999 
999 3 0 999 1000 
1000 3 0 1000 1001 
1001 3 0 1001 1002 
1002 3 0 1002 1003 
1003 3 0 1003 1004 
1004 3 0 1004 1005 
1005 3 0 1005 1006 
1006 3 0 1006 1007 
1007 3 0 1007 1008 
1008 3 0 1008 1009 
1009 3 0 1009 1010 
1010 3 0 1010 1011 
1011 3 0 1011 1012 
1012 3 0 1012 1013 
1013 3 0 1013 1014 
1014 3 0 1014 1015 
1015 3 0 1015 1016 
1016 3 0 1016 1017 
1017 3 0 1017 1018 
1018 3 0 1018 1019 
1019 3 0 1019 1020 
1020 3 0 1020 1021 
1021 3 0 1021 1022 
1022 3 0 1022 1023 
1023 3 0 1023 1024 
1024 3 0 1024 1025 
1025 3 0 1025 1026 
1026 3 0 1026 1027 
1027 3 0 1027 1028 
1028 3 0 1028 1029 
1029 3 0 1029 1030 
1030 3 0 1030 1031 
1031 3 0 1031 1032 
1032 3 0 1032 1033 
1033 3 0 1033 1034 
1034 3 0 1034 1035 
1035 3 0 1035 1036 
1036 3 0 1036 1037 
1037 3 0 1037 1038 
1038 3 0 1038 1039 
1039 3 0 1039 1040 
1040 3 0 1040 1041 
1041 3 0 1041 1042 
1042 3 0 1042 1043 
1043 3 0 1043 1044 
1044 3 0 1044 1045 
1045 3 0 1045 1046 
1046 3 0 1046 1047 
1047 3 0 1047 1048 
1048 3 0 1048 1049 
1049 3 0 1049 1050 
1050 3 0 1050 1051 
1051 3 0 1051 1052 
1052 3 0 1052 1053 
1053 3 0 1053 1054 
1054 3 0 1054 1055 
1055 3 0 1055 1056 
1056 3 0 1056 1057 
1057 3 0 1057 1058 
1058 3 0 1058 1059 
1059 3 0 1059 1060 
1060 3 0 1060 1061 
1061 3 0 1061 1062 
1062 3 0 1062 1063 
1063 3 0 1063 1064 
1064 3 0 1064 1065 
1065 3 0 1065 1066 
1066 3 0 1066 1067 
1067 3 0 1067 1068 
1068 3 0 1068 1069 
1069 3 0 1069 1070 
1070 3 0 1070 1071 
1071 3 0 1071 1072 
1072 3 0 1072 1073 
1073 3 0 1073 1074 
1074 3 0 1074 1075 
1075 3 0 1075 1076 
1076 3 0 1076 1077 
1077 3 0 1077 1078 
1078 3 0 1078 1079 
1079 3 0 1079 1080 
1080 3 0 1080 1081 
1081 3 0 1081 1082 
1082 3 0 1082 1083 
1083 3 0 1083 1084 
1084 3 0 1084 1085 
1085 3 0 1085 1086 
1086 3 0 1086 1087 
1087 3 0 1087 1088 
1088 3 0 1088 1089 
1089 3 0 1089 1090 
1090 3 0 1090 1091 
1091 3 0 1091 1092 
1092 3 0 1092 1093 
1093 3 0 1093 1094 
1094 3 0 1094 1095 
1095 3 0 1095 1096 
1096 3 0 1096 1097 
1097 3 0 1097 1098 
1098 3 0 1098 1099 
1099 3 0 1099 1100 
1100 3 0 1100 1101 
1101 3 0 1101 1102 
1102 3 0 1102 1103 
1103 3 0 1103 1104 
1104 3 0 1104 1105 
1105 3 0 1105 1106 
1106 3 0 1106 1107 
1107 3 0 1107 1108 
1108 3 0 1108 1109 
1109 3 0 1109 1110 
1110 3 0 1110 1111 
1111 3 0 1111 1112 
1112 3 0 1112 1113 
1113 3 0 1113 1114 
1114 3 0 1114 1115 
1115 3 0 1115 1116 
1116 3 0 1116 1117 
1117 3 0 1117 1118 
1118 3 0 1118 1119 
1119 3 0 1119 1120 
1120 3 0 1120 1121 
1121 3 0 1121 1122 
1122 3 0 1122 1123 
1123 3 0 1123 1124 
1124 3 0 1124 1125 
1125 3 0 1125 1126 
1126 3 0 1126 1127 
1127 3 0 1127 1128 
1128 3 0 1128 1129 
1129 3 0 1129 1130 
1130 3 0 1130 1131 
1131 3 0 1131 1132 
1132 3 0 1132 1133 
1133 3 0 1133 1134 
1134 3 0 1134 1135 
1135 3 0 1135 1136 
1136 3 0 1136 1137 
1137 3 0 1137 1138 
1138 3 0 1138 1139 
1139 3 0 1139 1140 
1140 3 0 1140 1141 
1141 3 0 1141 1142 
1142 3 0 1142 1143 
1143 3 0 1143 1144 
1144 3 0 1144 1145 
1145 3 0 1145 1146 
1146 3 0 1146 1147 
1147 3 0 1147 1148 
1148 3 0 1148 1149 
1149 3 0 1149 1150 
1150 3 0 1150 1151 
1151 3 0 1151 1152 
1152 3 0 1152 1153 
1153 3 0 1153 1154 
1154 3 0 1154 1155 
1155 3 0 1155 1156 
1156 3 0 1156 1157 
1157 3 0 1157 1158 
1158 3 0 1158 1159 
1159 3 0 1159 1160 
1160 3 0 1160 1161 
1161 3 0 1161 1162 
1162 3 0 1162 1163 
1163 3 0 1163 1164 
1164 3 0 1164 1165 
1165 3 0 1165 1166 
1166 3 0 1166 1167 
1167 3 0 1167 1168 
1168 3 0 1168 1169 
1169 3 0 1169 1170 
1170 3 0 1170 1171 
1171 3 0 1171 1172 
1172 3 0 1172 1173 
1173 3 0 1173 1174 
1174 3 0 1174 1175 
1175 3 0 1175 1176 
1176 3 0 1176 1177 
1177 3 0 1177 1178 
1178 3 0 1178 1179 
1179 3 0 1179 1180 
1180 3 0 1180 1181 
1181 3 0 1181 1182 
1182 3 0 1182 1183 
1183 3 0 1183 1184 
1184 3 0 1184 1185 
1185 3 0 1185 1186 
1186 3 0 1186 1187 
1187 3 0 1187 1188 
1188 3 0 1188 1189 
1189 3 0 1189 1190 
1190 3 0 1190 1191 
1191 3 0 1191 1192 
1192 3 0 1192 1193 
1193 3 0 1193 1194 
1194 3 0 1194 1195 
1195 3 0 1195 1196 
1196 3 0 1196 1197 
1197 3 0 1197 1198 
1198 3 0 1198 1199 
1199 3 0 1199 1200 
1200 3 0 1200 1201 
1201 3 0 1201 1202 
1202 3 0 1202 1203 
1203 3 0 1203 1204 
1204 3 0 1204 1205 
1205 3 0 1205 1206 
1206 3 0 1206 1207 
1207 3 0 1207 1208 
1208 3 0 1208 1209 
1209 3 0 1209 1210 
1210 3 0 1210 1211 
1211 3 0 1211 1212 
1212 3 0 1212 1213 
1213 3 0 1213 1214 
1214 3 0 1214 1215 
1215 3 0 1215 1216 
1216 3 0 1216 1217 
1217 3 0 1217 1218 
1218 3 0 1218 1219 
1219 3 0 1219 1220 
1220 3 0 1220 1221 
1221 3 0 1221 1222 
1222 3 0 1222 1223 
1223 3 0 1223 1224 
1224 3 0 1224 1225 
1225 3 0 1225 1226 
1226 3 0 1226 1227 
1227 3 0 1227 1228 
1228 3 0 1228 1229 
1229 3 0 1229 1230 
1230 3 0 1230 1231 
1231 3 0 1231 1232 
1232 3 0 1232 1233 
1233 3 0 1233 1234 
1234 3 0 1234 1235 
1235 3 0 1235 1236 
1236 3 0 1236 1237 
1237 3 0 1237 1238 
1238 3 0 1238 1239 
1239 3 0 1239 1240 
1240 3 0 1240 1241 
1241 3 0 1241 1242 
1242 3 0 1242 1243 
1243 3 0 1243 1244 
1244 3 0 1244 1245 
1245 3 0 1245 1246 
1246 3 0 1246 1247 
1247 3 0 1247 1248 
1248 3 0 1248 1249 
1249 3 0 1249 1250 
1250 3 0 1250 1251 
1251 3 0 1251 1252 
1252 3 0 1252 1253 
1253 3 0 1253 1254 
1254 3 0 1254 1255 
1255 3 0 1255 1256 
1256 3 0 1256 1257 
1257 3 0 1257 1258 
1258 3 0 1258 1259 
1259 3 0 1259 1260 
1260 3 0 1260 1261 
1261 3 0 1261 1262 
1262 3 0 1262 1263 
1263 3 0 1263 1264 
1264 3 0 1264 1265 
1265 3 0 1265 1266 
1266 3 0 1266 1267 
1267 3 0 1267 1268 
1268 3 0 1268 1269 
1269 3 0 1269 1270 
1270 3 0 1270 1271 
1271 3 0 1271 1272 
1272 3 0 1272 1273 
1273 3 0 1273 1274 
1274 3 0 1274 1275 
1275 3 0 1275 1276 
1276 3 0 1276 1277 
1277 3 0 1277 1278 
1278 3 0 1278 1279 
1279 3 0 1279 1280 
1280 3 0 1280 1281 
1281 3 0 1281 1282 
1282 3 0 1282 1283 
1283 3 0 1283 1284 
1284 3 0 1284 1285 
1285 3 0 1285 1286 
1286 3 0 1286 1287 
1287 3 0 1287 1288 
1288 3 0 1288 1289 
1289 3 0 1289 1290 
1290 3 0 1290 1291 
1291 3 0 1291 1292 
1292 3 0 1292 1293 
1293 3 0 1293 1294 
1294 3 0 1294 1295 
1295 3 0 1295 1296 
1296 3 0 1296 1297 
1297 3 0 1297 1298 
1298 3 0 1298 1299 
1299 3 0 1299 1300 
1300 3 0 1300 1301 
1301 3 0 1301 1302 
1302 3 0 1302 1303 
1303 3 0 1303 1304 
1304 3 0 1304 1305 
1305 3 0 1305 1306 
1306 3 0 1306 1307 
1307 3 0 1307 1308 
1308 3 0 1308 1309 
1309 3 0 1309 1310 
1310 3 0 1310 1311 
1311 3 0 1311 1312 
1312 3 0 1312 1313 
1313 3 0 1313 1314 
1314 3 0 1314 1315 
1315 3 0 1315 1316 
1316 3 0 1316 1317 
1317 3 0 1317 1318 
1318 3 0 1318 1319 
1319 3 0 1319 1320 
1320 3 0 1320 1321 
1321 3 0 1321 1322 
1322 3 0 1322 1323 
1323 3 0 1323 1324 
1324 3 0 1324 1325 
1325 3 0 1325 1326 
1326 3 0 1326 1327 
1327 3 0 1327 1328 
1328 3 0 1328 1329 
1329 3 0 1329 1330 
1330 3 0 1330 1331 
1331 3 0 1331 1332 
1332 3 0 1332 1333 
1333 3 0 1333 1334 
1334 3 0 1334 1335 
1335 3 0 1335 1336 
1336 3 0 1336 1337 
1337 3 0 1337 1338 
1338 3 0 1338 1339 
1339 3 0 1339 1340 
1340 3 0 1340 1341 
1341 3 0 1341 1342 
1342 3 0 1342 1343 
1343 3 0 1343 1344 
1344 3 0 1344 1345 
1345 3 0 1345 1346 
1346 3 0 1346 1347 
1347 3 0 1347 1348 
1348 3 0 1348 1349 
1349 3 0 1349 1350 
1350 3 0 1350 1351 
1351 3 0 1351 1352 
1352 3 0 1352 1353 
1353 3 0 1353 1354 
1354 3 0 1354 1355 
1355 3 0 1355 1356 
1356 3 0 1356 1357 
1357 3 0 1357 1358 
1358 3 0 1358 1359 
1359 3 0 1359 1360 
1360 3 0 1360 1361 
1361 3 0 1361 1362 
1362 3 0 1362 1363 
1363 3 0 1363 1364 
1364 3 0 1364 1365 
1365 3 0 1365 1366 
1366 3 0 1366 1367 
1367 3 0 1367 1368 
1368 3 0 1368 1369 
1369 3 0 1369 1370 
1370 3 0 1370 1371 
1371 3 0 1371 1372 
1372 3 0 1372 1373 
1373 3 0 1373 1374 
1374 3 0 1374 1375 
1375 3 0 1375 1376 
1376 3 0 1376 1377 
1377 3 0 1377 1378 
1378 3 0 1378 1379 
1379 3 0 1379 1380 
1380 3 0 1380 1381 
1381 3 0 1381 1382 
1382 3 0 1382 1383 
1383 3 0 1383 1384 
1384 3 0 1384 1385 
1385 3 0 1385 1386 
1386 3 0 1386 1387 
1387 3 0 1387 1388 
1388 3 0 1388 1389 
1389 3 0 1389 1390 
1390 3 0 1390 1391 
1391 3 0 1391 1392 
1392 3 0 1392 1393 
1393 3 0 1393 1394 
1394 3 0 1394 1395 
1395 3 0 1395 1396 
1396 3 0 1396 1397 
1397 3 0 1397 1398 
1398 3 0 1398 1399 
1399 3 0 1399 1400 
1400 3 0 1400 1401 
1401 3 0 1401 1402 
1402 3 0 1402 1403 
1403 3 0 1403 1404 
1404 3 0 1404 1405 
1405 3 0 1405 1406 
1406 3 0 1406 1407 
1407 3 0 1407 1408 
1408 3 0 1408 1409 
1409 3 0 1409 1410 
1410 3 0 1410 1411 
1411 3 0 1411 1412 
1412 3 0 1412 1413 
1413 3 0 1413 1414 
1414 3 0 1414 1415 
1415 3 0 1415 1416 
1416 3 0 1416 1417 
1417 3 0 1417 1418 
1418 3 0 1418 1419 
1419 3 0 1419 1420 
1420 3 0 1420 1421 
1421 3 0 1421 1422 
1422 3 0 1422 1423 
1423 3 0 1423 1424 
1424 3 0 1424 1425 
1425 3 0 1425 1426 
1426 3 0 1426 1427 
1427 3 0 1427 1428 
1428 3 0 1428 1429 
1429 3 0 1429 1430 
1430 3 0 1430 1431 
1431 3 0 1431 1432 
1432 3 0 1432 1433 
1433 3 0 1433 1434 
1434 3 0 1434 1435 
1435 3 0 1435 1436 
1436 3 0 1436 1437 
1437 3 0 1437 1438 
1438 3 0 1438 1439 
1439 3 0 1439 1440 
1440 3 0 1440 1441 
1441 3 0 1441 1442 
1442 3 0 1442 1443 
1443 3 0 1443 1444 
1444 3 0 1444 1445 
1445 3 0 1445 1446 
1446 3 0 1446 1447 
1447 3 0 1447 1448 
1448 3 0 1448 1449 
1449 3 0 1449 1450 
1450 3 0 1450 1451 
1451 3 0 1451 1452 
1452 3 0 1452 1453 
1453 3 0 1453 1454 
1454 3 0 1454 1455 
1455 3 0 1455 1456 
1456 3 0 1456 1457 
1457 3 0 1457 1458 
1458 3 0 1458 1459 
1459 3 0 1459 1460 
1460 3 0 1460 1461 
1461 3 0 1461 1462 
1462 3 0 1462 1463 
1463 3 0 1463 1464 
1464 3 0 1464 1465 
1465 3 0 1465 1466 
1466 3 0 1466 1467 
1467 3 0 1467 1468 
1468 3 0 1468 1469 
1469 3 0 1469 1470 
1470 3 0 1470 1471 
1471 3 0 1471 1472 
1472 3 0 1472 1473 
1473 3 0 1473 1474 
1474 3 0 1474 1475 
1475 3 0 1475 1476 
1476 3 0 1476 1477 
1477 3 0 1477 1478 
1478 3 0 1478 1479 
1479 3 0 1479 1480 
1480 3 0 1480 1481 
1481 3 0 1481 1482 
1482 3 0 1482 1483 
1483 3 0 1483 1484 
1484 3 0 1484 1485 
1485 3 0 1485 1486 
1486 3 0 1486 1487 
1487 3 0 1487 1488 
1488 3 0 1488 1489 
1489 3 0 1489 1490 
1490 3 0 1490 1491 
1491 3 0 1491 1492 
1492 3 0 1492 1493 
1493 3 0 1493 1494 
1494 3 0 1494 1495 
1495 3 0 1495 1496 
1496 3 0 1496 1497 
1497 3 0 1497 1498 
1498 3 0 1498 1499 
1499 3 0 1499 1500 
1500 3 0 1500 1501 
1501 3 0 1501 1502 
1502 3 0 1502 1503 
1503 3 0 1503 1504 
1504 3 0 1504 1505 
1505 3 0 1505 1506 
1506 3 0 1506 1507 
1507 3 0 1507 1508 
1508 3 0 1508 1509 
1509 3 0 1509 1510 
1510 3 0 1510 1511 
1511 3 0 1511 1512 
1512 3 0 1512 1513 
1513 3 0 1513 1514 
1514 3 0 1514 1515 
1515 3 0 1515 1516 
1516 3 0 1516 1517 
1517 3 0 1517 1518 
1518 3 0 1518 1519 
1519 3 0 1519 1520 
1520 3 0 1520 1521 
1521 3 0 1521 1522 
1522 3 0 1522 1523 
1523 3 0 1523 1524 
1524 3 0 1524 1525 
1525 3 0 1525 1526 
1526 3 0 1526 1527 
1527 3 0 1527 1528 
1528 3 0 1528 1529 
1529 3 0 1529 1530 
1530 3 0 1530 1531 
1531 3 0 1531 1532 
1532 3 0 1532 1533 
1533 3 0 1533 1534 
1534 3 0 1534 1535 
1535 3 0 1535 1536 
1536 3 0 1536 1537 
1537 3 0 1537 1538 
1538 3 0 1538 1539 
1539 3 0 1539 1540 
1540 3 0 1540 1541 
1541 3 0 1541 1542 
1542 3 0 1542 1543 
1543 3 0 1543 1544 
1544 3 0 1544 1545 
1545 3 0 1545 1546 
1546 3 0 1546 1547 
1547 3 0 1547 1548 
1548 3 0 1548 1549 
1549 3 0 1549 1550 
1550 3 0 1550 1551 
1551 3 0 1551 1552 
1552 3 0 1552 1553 
1553 3 0 1553 1554 
1554 3 0 1554 1555 
1555 3 0 1555 1556 
1556 3 0 1556 1557 
1557 3 0 1557 1558 
1558 3 0 1558 1559 
1559 3 0 1559 1560 
1560 3 0 1560 1561 
1561 3 0 1561 1562 
1562 3 0 1562 1563 
1563 3 0 1563 1564 
1564 3 0 1564 1565 
1565 3 0 1565 1566 
1566 3 0 1566 1567 
1567 3 0 1567 1568 
1568 3 0 1568 1569 
1569 3 0 1569 1570 
1570 3 0 1570 1571 
1571 3 0 1571 1572 
1572 3 0 1572 1573 
1573 3 0 1573 1574 
1574 3 0 1574 1575 
1575 3 0 1575 1576 
1576 3 0 1576 1577 
1577 3 0 1577 1578 
1578 3 0 1578 1579 
1579 3 0 1579 1580 
1580 3 0 1580 1581 
1581 3 0 1581 1582 
1582 3 0 1582 1583 
1583 3 0 1583 1584 
1584 3 0 1584 1585 
1585 3 0 1585 1586 
1586 3 0 1586 1587 
1587 3 0 1587 1588 
1588 3 0 1588 1589 
1589 3 0 1589 1590 
1590 3 0 1590 1591 
1591 3 0 1591 1592 
1592 3 0 1592 1593 
1593 3 0 1593 1594 
1594 3 0 1594 1595 
1595 3 0 1595 1596 
1596 3 0 1596 1597 
1597 3 0 1597 1598 
1598 3 0 1598 1599 
1599 3 0 1599 1600 
1600 3 0 1600 1601 
1601 3 0 1601 1602 
1602 3 0 1602 1603 
1603 3 0 1603 1604 
1604 3 0 1604 1605 
1605 3 0 1605 1606 
1606 3 0 1606 1607 
1607 3 0 1607 1608 
1608 3 0 1608 1609 
1609 3 0 1609 1610 
1610 3 0 1610 1611 
1611 3 0 1611 1612 
1612 3 0 1612 1613 
1613 3 0 1613 1614 
1614 3 0 1614 1615 
1615 3 0 1615 1616 
1616 3 0 1616 1617 
1617 3 0 1617 1618 
1618 3 0 1618 1619 
1619 3 0 1619 1620 
1620 3 0 1620 1621 
1621 3 0 1621 1622 
1622 3 0 1622 1623 
1623 3 0 1623 1624 
1624 3 0 1624 1625 
1625 3 0 1625 1626 
1626 3 0 1626 1627 
1627 3 0 1627 1628 
1628 3 0 1628 1629 
1629 3 0 1629 1630 
1630 3 0 1630 1631 
1631 3 0 1631 1632 
1632 3 0 1632 1633 
1633 3 0 1633 1634 
1634 3 0 1634 1635 
1635 3 0 1635 1636 
1636 3 0 1636 1637 
1637 3 0 1637 1638 
1638 3 0 1638 1639 
1639 3 0 1639 1640 
1640 3 0 1640 1641 
1641 3 0 1641 1642 
1642 3 0 1642 1643 
1643 3 0 1643 1644 
1644 3 0 1644 1645 
1645 3 0 1645 1646 
1646 3 0 1646 1647 
1647 3 0 1647 1648 
1648 3 0 1648 1649 
1649 3 0 1649 1650 
1650 3 0 1650 1651 
1651 3 0 1651 1652 
1652 3 0 1652 1653 
1653 3 0 1653 1654 
1654 3 0 1654 1655 
1655 3 0 1655 1656 
1656 3 0 1656 1657 
1657 3 0 1657 1658 
1658 3 0 1658 1659 
1659 3 0 1659 1660 
1660 3 0 1660 1661 
1661 3 0 1661 1662 
1662 3 0 1662 1663 
1663 3 0 1663 1664 
1664 3 0 1664 1665 
1665 3 0 1665 1666 
1666 3 0 1666 1667 
1667 3 0 1667 1668 
1668 3 0 1668 1669 
1669 3 0 1669 1670 
1670 3 0 1670 1671 
1671 3 0 1671 1672 
1672 3 0 1672 1673 
1673 3 0 1673 1674 
1674 3 0 1674 1675 
1675 3 0 1675 1676 
1676 3 0 1676 1677 
1677 3 0 1677 1678 
1678 3 0 1678 1679 
1679 3 0 1679 1680 
1680 3 0 1680 1681 
1681 3 0 1681 1682 
1682 3 0 1682 1683 
1683 3 0 1683 1684 
1684 3 0 1684 1685 
1685 3 0 1685 1686 
1686 3 0 1686 1687 
1687 3 0 1687 1688 
1688 3 0 1688 1689 
1689 3 0 1689 1690 
1690 3 0 1690 1691 
1691 3 0 1691 1692 
1692 3 0 1692 1693 
1693 3 0 1693 1694 
1694 3 0 1694 1695 
1695 3 0 1695 1696 
1696 3 0 1696 1697 
1697 3 0 1697 1698 
1698 3 0 1698 1699 
1699 3 0 1699 1700 
1700 3 0 1700 1701 
1701 3 0 1701 1702 
1702 3 0 1702 1703 
1703 3 0 1703 1704 
1704 3 0 1704 1705 
1705 3 0 1705 1706 
1706 3 0 1706 1707 
1707 3 0 1707 1708 
1708 3 0 1708 1709 
1709 3 0 1709 1710 
1710 3 0 1710 1711 
1711 3 0 1711 1712 
1712 3 0 1712 1713 
1713 3 0 1713 1714 
1714 3 0 1714 1715 
1715 3 0 1715 1716 
1716 3 0 1716 1717 
1717 3 0 1717 1718 
1718 3 0 1718 1719 
1719 3 0 1719 1720 
1720 3 0 1720 1721 
1721 3 0 1721 1722 
1722 3 0 1722 1723 
1723 3 0 1723 1724 
1724 3 0 1724 1725 
1725 3 0 1725 1726 
1726 3 0 1726 1727 
1727 3 0 1727 1728 
1728 3 0 1728 1729 
1729 3 0 1729 1730 
1730 3 0 1730 1731 
1731 3 0 1731 1732 
1732 3 0 1732 1733 
1733 3 0 1733 1734 
1734 3 0 1734 1735 
1735 3 0 1735 1736 
1736 3 0 1736 1737 
1737 3 0 1737 1738 
1738 3 0 1738 1739 
1739 3 0 1739 1740 
1740 3 0 1740 1741 
1741 3 0 1741 1742 
1742 3 0 1742 1743 
1743 3 0 1743 1744 
1744 3 0 1744 1745 
1745 3 0 1745 1746 
1746 3 0 1746 1747 
1747 3 0 1747 1748 
1748 3 0 1748 1749 
1749 3 0 1749 1750 
1750 3 0 1750 1751 
1751 3 0 1751 1752 
1752 3 0 1752 1753 
1753 3 0 1753 1754 
1754 3 0 1754 1755 
1755 3 0 1755 1756 
1756 3 0 1756 1757 
1757 3 0 1757 1758 
1758 3 0 1758 1759 
1759 3 0 1759 1760 
1760 3 0 1760 1761 
1761 3 0 1761 1762 
1762 3 0 1762 1763 
1763 3 0 1763 1764 
1764 3 0 1764 1765 
1765 3 0 1765 1766 
1766 3 0 1766 1767 
1767 3 0 1767 1768 
1768 3 0 1768 1769 
1769 3 0 1769 1770 
1770 3 0 1770 1771 
1771 3 0 1771 1772 
1772 3 0 1772 1773 
1773 3 0 1773 1774 
1774 3 0 1774 1775 
1775 3 0 1775 1776 
1776 3 0 1776 1777 
1777 3 0 1777 1778 
1778 3 0 1778 1779 
1779 3 0 1779 1780 
1780 3 0 1780 1781 
1781 3 0 1781 1782 
1782 3 0 1782 1783 
1783 3 0 1783 1784 
1784 3 0 1784 1785 
1785 3 0 1785 1786 
1786 3 0 1786 1787 
1787 3 0 1787 1788 
1788 3 0 1788 1789 
1789 3 0 1789 1790 
1790 3 0 1790 1791 
1791 3 0 1791 1792 
1792 3 0 1792 1793 
1793 3 0 1793 1794 
1794 3 0 1794 1795 
1795 3 0 1795 1796 
1796 3 0 1796 1797 
1797 3 0 1797 1798 
1798 3 0 1798 1799 
1799 3 0 1799 1800 
1800 3 0 1800 1801 
1801 3 0 1801 1802 
1802 3 0 1802 1803 
1803 3 0 1803 1804 
1804 3 0 1804 1805 
1805 3 0 1805 1806 
1806 3 0 1806 1807 
1807 3 0 1807 1808 
1808 3 0 1808 1809 
1809 3 0 1809 1810 
1810 3 0 1810 1811 
1811 3 0 1811 1812 
1812 3 0 1812 1813 
1813 3 0 1813 1814 
1814 3 0 1814 1815 
1815 3 0 1815 1816 
1816 3 0 1816 1817 
1817 3 0 1817 1818 
1818 3 0 1818 1819 
1819 3 0 1819 1820 
1820 3 0 1820 1821 
1821 3 0 1821 1822 
1822 3 0 1822 1823 
1823 3 0 1823 1824 
1824 3 0 1824 1825 
1825 3 0 1825 1826 
1826 3 0 1826 1827 
1827 3 0 1827 1828 
1828 3 0 1828 1829 
1829 3 0 1829 1830 
1830 3 0 1830 1831 
1831 3 0 1831 1832 
1832 3 0 1832 1833 
1833 3 0 1833 1834 
1834 3 0 1834 1835 
1835 3 0 1835 1836 
1836 3 0 1836 1837 
1837 3 0 1837 1838 
1838 3 0 1838 1839 
1839 3 0 1839 1840 
1840 3 0 1840 1841 
1841 3 0 1841 1842 
1842 3 0 1842 1843 
1843 3 0 1843 1844 
1844 3 0 1844 1845 
1845 3 0 1845 1846 
1846 3 0 1846 1847 
1847 3 0 1847 1848 
1848 3 0 1848 1849 
1849 3 0 1849 1850 
1850 3 0 1850 1851 
1851 3 0 1851 1852 
1852 3 0 1852 1853 
1853 3 0 1853 1854 
1854 3 0 1854 1855 
1855 3 0 1855 1856 
1856 3 0 1856 1857 
1857 3 0 1857 1858 
1858 3 0 1858 1859 
1859 3 0 1859 1860 
1860 3 0 1860 1861 
1861 3 0 1861 1862 
1862 3 0 1862 1863 
1863 3 0 1863 1864 
1864 3 0 1864 1865 
1865 3 0 1865 1866 
1866 3 0 1866 1867 
1867 3 0 1867 1868 
1868 3 0 1868 1869 
1869 3 0 1869 1870 
1870 3 0 1870 1871 
1871 3 0 1871 1872 
1872 3 0 1872 1873 
1873 3 0 1873 1874 
1874 3 0 1874 1875 
1875 3 0 1875 1876 
1876 3 0 1876 1877 
1877 3 0 1877 1878 
1878 3 0 1878 1879 
1879 3 0 1879 1880 
1880 3 0 1880 1881 
1881 3 0 1881 1882 
1882 3 0 1882 1883 
1883 3 0 1883 1884 
1884 3 0 1884 1885 
1885 3 0 1885 1886 
1886 3 0 1886 1887 
1887 3 0 1887 1888 
1888 3 0 1888 1889 
1889 3 0 1889 1890 
1890 3 0 1890 1891 
1891 3 0 1891 1892 
1892 3 0 1892 1893 
1893 3 0 1893 1894 
1894 3 0 1894 1895 
1895 3 0 1895 1896 
1896 3 0 1896 1897 
1897 3 0 1897 1898 
1898 3 0 1898 1899 
1899 3 0 1899 1900 
1900 3 0 1900 1901 
1901 3 0 1901 1902 
1902 3 0 1902 1903 
1903 3 0 1903 1904 
1904 3 0 1904 1905 
1905 3 0 1905 1906 
1906 3 0 1906 1907 
1907 3 0 1907 1908 
1908 3 0 1908 1909 
1909 3 0 1909 1910 
1910 3 0 1910 1911 
1911 3 0 1911 1912 
1912 3 0 1912 1913 
1913 3 0 1913 1914 
1914 3 0 1914 1915 
1915 3 0 1915 1916 
1916 3 0 1916 1917 
1917 3 0 1917 1918 
1918 3 0 1918 1919 
1919 3 0 1919 1920 
1920 3 0 1920 1921 
1921 3 0 1921 1922 
1922 3 0 1922 1923 
1923 3 0 1923 1924 
1924 3 0 1924 1925 
1925 3 0 1925 1926 
1926 3 0 1926 1927 
1927 3 0 1927 1928 
1928 3 0 1928 1929 
1929 3 0 1929 1930 
1930 3 0 1930 1931 
1931 3 0 1931 1932 
1932 3 0 1932 1933 
1933 3 0 1933 1934 
1934 3 0 1934 1935 
1935 3 0 1935 1936 
1936 3 0 1936 1937 
1937 3 0 1937 1938 
1938 3 0 1938 1939 
1939 3 0 1939 1940 
1940 3 0 1940 1941 
1941 3 0 1941 1942 
1942 3 0 1942 1943 
1943 3 0 1943 1944 
1944 3 0 1944 1945 
1945 3 0 1945 1946 
1946 3 0 1946 1947 
1947 3 0 1947 1948 
1948 3 0 1948 1949 
1949 3 0 1949 1950 
1950 3 0 1950 1951 
1951 3 0 1951 1952 
1952 3 0 1952 1953 
1953 3 0 1953 1954 
1954 3 0 1954 1955 
1955 3 0 1955 1956 
1956 3 0 1956 1957 
1957 3 0 1957 1958 
1958 3 0 1958 1959 
1959 3 0 1959 1960 
1960 3 0 1960 1961 
1961 3 0 1961 1962 
1962 3 0 1962 1963 
1963 3 0 1963 1964 
1964 3 0 1964 1965 
1965 3 0 1965 1966 
1966 3 0 1966 1967 
1967 3 0 1967 1968 
1968 3 0 1968 1969 
1969 3 0 1969 1970 
1970 3 0 1970 1971 
1971 3 0 1971 1972 
1972 3 0 1972 1973 
1973 3 0 1973 1974 
1974 3 0 1974 1975 
1975 3 0 1975 1976 
1976 3 0 1976 1977 
1977 3 0 1977 1978 
1978 3 0 1978 1979 
1979 3 0 1979 1980 
1980 3 0 1980 1981 
1981 3 0 1981 1982 
1982 3 0 1982 1983 
1983 3 0 1983 1984 
1984 3 0 1984 1985 
1985 3 0 1985 1986 
1986 3 0 1986 1987 
1987 3 0 1987 1988 
1988 3 0 1988 1989 
1989 3 0 1989 1990 
1990 3 0 1990 1991 
1991 3 0 1991 1992 
1992 3 0 1992 1993 
1993 3 0 1993 1994 
1994 3 0 1994 1995 
1995 3 0 1995 1996 
1996 3 0 1996 1997 
1997 3 0 1997 1998 
1998 3 0 1998 1999 
1999 3 0 1999 2000 
2000 6 0 
1 2000 
2 0 
3 1 
4 2 
5 3 
6 4 
7 5 
8 6 
9 7 
10 8 
11 9 
12 10 
13 11 
14 12 
15 13 
16 14 
17 15 
18 16 
19 17 
20 18 
21 19 
22 20 
23 21 
24 22 
25 23 
26 24 
27 25 
28 26 
29 27 
30 28 
31 29 
32 30 
33 31 
34 32 
35 33 
36 34 
37 35 
38 36 
39 37 
40 38 
41 39 
42 40 
43 41 
44 42 
45 43 
46 44 
47 45 
48 46 
49 47 
50 48 
51 49 
52 50 
53 51 
54 52 
55 53 
56 54 
57 55 
58 56 
59 57 
60 58 
61 59 
62 60 
63 61 
64 62 
65 63 
66 64 
67 65 
68 66 
69 67 
70 68 
71 69 
72 70 
73 71 
74 72 
75 73 
76 74 
77 75 
78 76 
79 77 
80 78 
81 79 
82 80 
83 81 
84 82 
85 83 
86 84 
87 85 
88 86 
89 87 
90 88 
91 89 
92 90 
93 91 
94 92 
95 93 
96 94 
97 95 
98 96 
99 97 
100 98 
101 99 
102 100 
103 101 
104 102 
105 103 
106 104 
107 105 
108 106 
109 107 
110 108 
111 109 
112 110 
113 111 
114 112 
115 113 
116 114 
117 115 
118 116 
119 117 
120 118 
121 119 
122 120 
123 121 
124 122 
125 123 
126 124 
127 125 
128 126 
129 127 
130 128 
131 129 
132 130 
133 131 
134 132 
135 133 
136 134 
137 135 
138 136 
139 137 
140 138 
141 139 
142 140 
143 141 
144 142 
145 143 
146 144 
147 145 
148 146 
149 147 
150 148 
151 149 
152 150 
153 151 
154 152 
155 153 
156 154 
157 155 
158 156 
159 157 
160 158 
161 159 
162 160 
163 161 
164 162 
165 163 
166 164 
167 165 
168 166 
169 167 
170 168 
171 169 
172 170 
173 171 
174 172 
175 173 
176 174 
177 175 
178 176 
179 177 
180 178 
181 179 
182 180 
183 181 
184 182 
185 183 
186 184 
187 185 
188 186 
189 187 
190 188 
191 189 
192 190 
193 191 
194 192 
195 193 
196 194 
197 195 
198 196 
199 197 
200 198 
201 199 
202 200 
203 201 
204 202 
205 203 
206 204 
207 205 
208 206 
209 207 
210 208 
211 209 
212 210 
213 211 
214 212 
215 213 
216 214 
217 215 
218 216 
219 217 
220 218 
221 219 
222 220 
223 221 
224 222 
225 223 
226 224 
227 225 
228 226 
229 227 
230 228 
231 229 
232 230 
233 231 
234 232 
235 233 
236 234 
237 235 
238 236 
239 237 
240 238 
241 239 
242 240 
243 241 
244 242 
245 243 
246 244 
247 245 
248 246 
249 247 
250 248 
251 249 
252 250 
253 251 
254 252 
255 253 
256 254 
257 255 
258 256 
259 257 
260 258 
261 259 
262 260 
263 261 
264 262 
265 263 
266 264 
267 265 
268 266 
269 267 
270 268 
271 269 
272 270 
273 271 
274 272 
275 273 
276 274 
277 275 
278 276 
279 277 
280 278 
281 279 
282 280 
283 281 
284 282 
285 283 
286 284 
287 285 
288 286 
289 287 
290 288 
291 289 
292 290 
293 291 
294 292 
295 293 
296 294 
297 295 
298 296 
299 297 
300 298 
301 299 
302 300 
303 301 
304 302 
305 303 
306 304 
307 305 
308 306 
309 307 
310 308 
311 309 
312 310 
313 311 
314 312 
315 313 
316 314 
317 315 
318 316 
319 317 
320 318 
321 319 
322 320 
323 321 
324 322 
325 323 
326 324 
327 325 
328 326 
329 327 
330 328 
331 329 
332 330 
333 331 
334 332 
335 333 
336 334 
337 335 
338 336 
339 337 
340 338 
341 339 
342 340 
343 341 
344 342 
345 343 
346 344 
347 345 
348 346 
349 347 
350 348 
351 349 
352 350 
353 351 
354 352 
355 353 
356 354 
357 355 
358 356 
359 357 
360 358 
361 359 
362 360 
363 361 
364 362 
365 363 
366 364 
367 365 
368 366 
369 367 
370 368 
371 369 
372 370 
373 371 
374 372 
375 373 
376 374 
377 375 
378 376 
379 377 
380 378 
381 379 
382 380 
383 381 
384 382 
385 383 
386 384 
387 385 
388 386 
389 387 
390 388 
391 389 
392 390 
393 391 
394 392 
395 393 
396 394 
397 395 
398 396 
399 397 
400 398 
401 399 
402 400 
403 401 
404 402 
405 403 
406 404 
407 405 
408 406 
409 407 
410 408 
411 409 
412 410 
413 411 
414 412 
415 413 
416 414 
417 415 
418 416 
419 417 
420 418 
421 419 
422 420 
423 421 
424 422 
425 423 
426 424 
427 425 
428 426 
429 427 
430 428 
431 429 
432 430 
433 431 
434 432 
435 433 
436 434 
437 435 
438 436 
439 437 
440 438 
441 439 
442 440 
443 441 
444 442 
445 443 
446 444 
447 445 
448 446 
449 447 
450 448 
451 449 
452 450 
453 451 
454 452 
455 453 
456 454 
457 455 
458 456 
459 457 
460 458 
461 459 
462 460 
463 461 
464 462 
465 463 
466 464 
467 465 
468 466 
469 467 
470 468 
471 469 
472 470 
473 471 
474 472 
475 473 
476 474 
477 475 
478 476 
479 477 
480 478 
481 479 
482 480 
483 481 
484 482 
485 483 
486 484 
487 485 
488 486 
489 487 
490 488 
491 489 
492 490 
493 491 
494 492 
495 493 
496 494 
497 495 
498 496 
499 497 
500 498 
501 499 
502 500 
503 501 
504 502 
505 503 
506 504 
507 505 
508 506 
509 507 
510 508 
511 509 
512 510 
513 511 
514 512 
515 513 
516 514 
517 515 
518 516 
519 517 
520 518 
521 519 
522 520 
523 521 
524 522 
525 523 
526 524 
527 525 
528 526 
529 527 
530 528 
531 529 
532 530 
533 531 
534 532 
535 533 
536 534 
537 535 
538 536 
539 537 
540 538 
541 539 
542 540 
543 541 
544 542 
545 543 
546 544 
547 545 
548 546 
549 547 
550 548 
551 549 
552 550 
553 551 
554 552 
555 553 
556 554 
557 555 
558 556 
559 557 
560 558 
561 559 
562 560 
563 561 
564 562 
565 563 
566 564 
567 565 
568 566 
569 567 
570 568 
571 569 
572 570 
573 571 
574 572 
575 573 
576 574 
577 575 
578 576 
579 577 
580 578 
581 579 
582 580 
583 581 
584 582 
585 583 
586 584 
587 585 
588 586 
589 587 
590 588 
591 589 
592 590 
593 591 
594 592 
595 593 
596 594 
597 595 
598 596 
599 597 
600 598 
601 599 
602 600 
603 601 
604 602 
605 603 
606 604 
607 605 
608 606 
609 607 
610 608 
611 609 
612 610 
613 611 
614 612 
615 613 
616 614 
617 615 
618 616 
619 617 
620 618 
621 619 
622 620 
623 621 
624 622 
625 623 
626 624 
627 625 
628 626 
629 627 
630 628 
631 629 
632 630 
633 631 
634 632 
635 633 
636 634 
637 635 
638 636 
639 637 
640 638 
641 639 
642 640 
643 641 
644 642 
645 643 
646 644 
647 645 
648 646 
649 647 
650 648 
651 649 
652 650 
653 651 
654 652 
655 653 
656 654 
657 655 
658 656 
659 657 
660 658 
661 659 
662 660 
663 661 
664 662 
665 663 
666 664 
667 665 
668 666 
669 667 
670 668 
671 669 
672 670 
673 671 
674 672 
675 673 
676 674 
677 675 
678 676 
679 677 
680 678 
681 679 
682 680 
683 681 
684 682 
685 683 
686 684 
687 685 
688 686 
689 687 
690 688 
691 689 
692 690 
693 691 
694 692 
695 693 
696 694 
697 695 
698 696 
699 697 
700 698 
701 699 
702 700 
703 701 
704 702 
705 703 
706 704 
707 705 
708 706 
709 707 
710 708 
711 709 
712 710 
713 711 
714 712 
715 713 
716 714 
717 715 
718 716 
719 717 
720 718 
721 719 
722 720 
723 721 
724 722 
725 723 
726 724 
727 725 
728 726 
729 727 
730 728 
731 729 
732 730 
733 731 
734 732 
735 733 
736 734 
737 735 
738 736 
739 737 
740 738 
741 739 
742 740 
743 741 
744 742 
745 743 
746 744 
747 745 
748 746 
749 747 
750 748 
751 749 
752 750 
753 751 
754 752 
755 753 
756 754 
757 755 
758 756 
759 757 
760 758 
761 759 
762 760 
763 761 
764 762 
765 763 
766 764 
767 765 
768 766 
769 767 
770 768 
771 769 
772 770 
773 771 
774 772 
775 773 
776 774 
777 775 
778 776 
779 777 
780 778 
781 779 
782 780 
783 781 
784 782 
785 783 
786 784 
787 785 
788 786 
789 787 
790 788 
791 789 
792 790 
793 791 
794 792 
795 793 
796 794 
797 795 
798 796 
799 797 
800 798 
801 799 
802 800 
803 801 
804 802 
805 803 
806 804 
807 805 
808 806 
809 807 
810 808 
811 809 
812 810 
813 811 
814 812 
815 813 
816 814 
817 815 
818 816 
819 817 
820 818 
821 819 
822 820 
823 821 
824 822 
825 823 
826 824 
827 825 
828 826 
829 827 
830 828 
831 829 
832 830 
833 831 
834 832 
835 833 
836 834 
837 835 
838 836 
839 837 
840 838 
841 839 
842 840 
843 841 
844 842 
845 843 
846 844 
847 845 
848 846 
849 847 
850 848 
851 849 
852 850 
853 851 
854 852 
855 853 
856 854 
857 855 
858 856 
859 857 
860 858 
861 859 
862 860 
863 861 
864 862 
865 863 
866 864 
867 865 
868 866 
869 867 
870 868 
871 869 
872 870 
873 871 
874 872 
875 873 
876 874 
877 875 
878 876 
879 877 
880 878 
881 879 
882 880 
883 881 
884 882 
885 883 
886 884 
887 885 
888 886 
889 887 
890 888 
891 889 
892 890 
893 891 
894 892 
895 893 
896 894 
897 895 
898 896 
899 897 
900 898 
901 899 
902 900 
903 901 
904 902 
905 903 
906 904 
907 905 
908 906 
909 907 
910 908 
911 909 
912 910 
913 911 
914 912 
915 913 
916 914 
917 915 
918 916 
919 917 
920 918 
921 919 
922 920 
923 921 
924 922 
925 923 
926 924 
927 925 
928 926 
929 927 
930 928 
931 929 
932 930 
933 931 
934 932 
935 933 
936 934 
937 935 
938 936 
939 937 
940 938 
941 939 
942 940 
943 941 
944 942 
945 943 
946 944 
947 945 
948 946 
949 947 
950 948 
951 949 
952 950 
953 951 
954 952 
955 953 
956 954 
957 955 
958 956 
959 957 
960 958 
961 959 
962 960 
963 961 
964 962 
965 963 
966 964 
967 965 
968 966 
969 967 
970 968 
971 969 
972 970 
973 971 
974 972 
975 973 
976 974 
977 975 
978 976 
979 977 
980 978 
981 979 
982 980 
983 981 
984 982 
985 983 
986 984 
987 985 
988 986 
989 987 
990 988 
991 989 
992 990 
993 991 
994 992 
995 993 
996 994 
997 995 
998 996 
999 997 
1000 998 
1001 999 
1002 1000 
1003 1001 
1004 1002 
1005 1003 
1006 1004 
1007 1005 
1008 1006 
1009 1007 
1010 1008 
1011 1009 
1012 1010 
1013 1011 
1014 1012 
1015 1013 
1016 1014 
1017 1015 
1018 1016 
1019 1017 
1020 1018 
1021 1019 
1022 1020 
1023 1021 
1024 1022 
1025 1023 
1026 1024 
1027 1025 
1028 1026 
1029 1027 
1030 1028 
1031 1029 
1032 1030 
1033 1031 
1034 1032 
1035 1033 
1036 1034 
1037 1035 
1038 1036 
1039 1037 
1040 1038 
1041 1039 
1042 1040 
1043 1041 
1044 1042 
1045 1043 
1046 1044 
1047 1045 
1048 1046 
1049 1047 
1050 1048 
1051 1049 
1052 1050 
1053 1051 
1054 1052 
1055 1053 
1056 1054 
1057 1055 
1058 1056 
1059 1057 
1060 1058 
1061 1059 
1062 1060 
1063 1061 
1064 1062 
1065 1063 
1066 1064 
1067 1065 
1068 1066 
1069 1067 
1070 1068 
1071 1069 
1072 1070 
1073 1071 
1074 1072 
1075 1073 
1076 1074 
1077 1075 
1078 1076 
1079 1077 
1080 1078 
1081 1079 
1082 1080 
1083 1081 
1084 1082 
1085 1083 
1086 1084 
1087 1085 
1088 1086 
1089 1087 
1090 1088 
1091 1089 
1092 1090 
1093 1091 
1094 1092 
1095 1093 
1096 1094 
1097 1095 
1098 1096 
1099 1097 
1100 1098 
1101 1099 
1102 1100 
1103 1101 
1104 1102 
1105 1103 
1106 1104 
1107 1105 
1108 1106 
1109 1107 
1110 1108 
1111 1109 
1112 1110 
1113 1111 
1114 1112 
1115 1113 
1116 1114 
1117 1115 
1118 1116 
1119 1117 
1120 1118 
1121 1119 
1122 1120 
1123 1121 
1124 1122 
1125 1123 
1126 1124 
1127 1125 
1128 1126 
1129 1127 
1130 1128 
1131 1129 
1132 1130 
1133 1131 
1134 1132 
1135 1133 
1136 1134 
1137 1135 
1138 1136 
1139 1137 
1140 1138 
1141 1139 
1142 1140 
1143 1141 
1144 1142 
1145 1143 
1146 1144 
1147 1145 
1148 1146 
1149 1147 
1150 1148 
1151 1149 
1152 1150 
1153 1151 
1154 1152 
1155 1153 
1156 1154 
1157 1155 
1158 1156 
1159 1157 
1160 1158 
1161 1159 
1162 1160 
1163 1161 
1164 1162 
1165 1163 
1166 1164 
1167 1165 
1168 1166 
1169 1167 
1170 1168 
1171 1169 
1172 1170 
1173 1171 
1174 1172 
1175 1173 
1176 1174 
1177 1175 
1178 1176 
1179 1177 
1180 1178 
1181 1179 
1182 1180 
1183 1181 
1184 1182 
1185 1183 
1186 1184 
1187 1185 
1188 1186 
1189 1187 
1190 1188 
1191 1189 
1192 1190 
1193 1191 
1194 1192 
1195 1193 
1196 1194 
1197 1195 
1198 1196 
1199 1197 
1200 1198 
1201 1199 
1202 1200 
1203 1201 
1204 1202 
1205 1203 
1206 1204 
1207 1205 
1208 1206 
1209 1207 
1210 1208 
1211 1209 
1212 1210 
1213 1211 
1214 1212 
1215 1213 
1216 1214 
1217 1215 
1218 1216 
1219 1217 
1220 1218 
1221 1219 
1222 1220 
1223 1221 
1224 1222 
1225 1223 
1226 1224 
1227 1225 
1228 1226 
1229 1227 
1230 1228 
1231 1229 
1232 1230 
1233 1231 
1234 1232 
1235 1233 
1236 1234 
1237 1235 
1238 1236 
1239 1237 
1240 1238 
1241 1239 
1242 1240 
1243 1241 
1244 1242 
1245 1243 
1246 1244 
1247 1245 
1248 1246 
1249 1247 
1250 1248 
1251 1249 
1252 1250 
1253 1251 
1254 1252 
1255 1253 
1256 1254 
1257 1255 
1258 1256 
1259 1257 
1260 1258 
1261 1259 
1262 1260 
1263 1261 
1264 1262 
1265 1263 
1266 1264 
1267 1265 
1268 1266 
1269 1267 
1270 1268 
1271 1269 
1272 1270 
1273 1271 
1274 1272 
1275 1273 
1276 1274 
1277 1275 
1278 1276 
1279 1277 
1280 1278 
1281 1279 
1282 1280 
1283 1281 
1284 1282 
1285 1283 
1286 1284 
1287 1285 
1288 1286 
1289 1287 
1290 1288 
1291 1289 
1292 1290 
1293 1291 
1294 1292 
1295 1293 
1296 1294 
1297 1295 
1298 1296 
1299 1297 
1300 1298 
1301 1299 
1302 1300 
1303 1301 
1304 1302 
1305 1303 
1306 1304 
1307 1305 
1308 1306 
1309 1307 
1310 1308 
1311 1309 
1312 1310 
1313 1311 
1314 1312 
1315 1313 
1316 1314 
1317 1315 
1318 1316 
1319 1317 
1320 1318 
1321 1319 
1322 1320 
1323 1321 
1324 1322 
1325 1323 
1326 1324 
1327 1325 
1328 1326 
1329 1327 
1330 1328 
1331 1329 
1332 1330 
1333 1331 
1334 1332 
1335 1333 
1336 1334 
1337 1335 
1338 1336 
1339 1337 
1340 1338 
1341 1339 
1342 1340 
1343 1341 
1344 1342 
1345 1343 
1346 1344 
1347 1345 
1348 1346 
1349 1347 
1350 1348 
1351 1349 
1352 1350 
1353 1351 
1354 1352 
1355 1353 
1356 1354 
1357 1355 
1358 1356 
1359 1357 
1360 1358 
1361 1359 
1362 1360 
1363 1361 
1364 1362 
1365 1363 
1366 1364 
1367 1365 
1368 1366 
1369 1367 
1370 1368 
1371 1369 
1372 1370 
1373 1371 
1374 1372 
1375 1373 
1376 1374 
1377 1375 
1378 1376 
1379 1377 
1380 1378 
1381 1379 
1382 1380 
1383 1381 
1384 1382 
1385 1383 
1386 1384 
1387 1385 
1388 1386 
1389 1387 
1390 1388 
1391 1389 
1392 1390 
1393 1391 
1394 1392 
1395 1393 
1396 1394 
1397 1395 
1398 1396 
1399 1397 
1400 1398 
1401 1399 
1402 1400 
1403 1401 
1404 1402 
1405 1403 
1406 1404 
1407 1405 
1408 1406 
1409 1407 
1410 1408 
1411 1409 
1412 1410 
1413 1411 
1414 1412 
1415 1413 
1416 1414 
1417 1415 
1418 1416 
1419 1417 
1420 1418 
1421 1419 
1422 1420 
1423 1421 
1424 1422 
1425 1423 
1426 1424 
1427 1425 
1428 1426 
1429 1427 
1430 1428 
1431 1429 
1432 1430 
1433 1431 
1434 1432 
1435 1433 
1436 1434 
1437 1435 
1438 1436 
1439 1437 
1440 1438 
1441 1439 
1442 1440 
1443 1441 
1444 1442 
1445 1443 
1446 1444 
1447 1445 
1448 1446 
1449 1447 
1450 1448 
1451 1449 
1452 1450 
1453 1451 
1454 1452 
1455 1453 
1456 1454 
1457 1455 
1458 1456 
1459 1457 
1460 1458 
1461 1459 
1462 1460 
1463 1461 
1464 1462 
1465 1463 
1466 1464 
1467 1465 
1468 1466 
1469 1467 
1470 1468 
1471 1469 
1472 1470 
1473 1471 
1474 1472 
1475 1473 
1476 1474 
1477 1475 
1478 1476 
1479 1477 
1480 1478 
1481 1479 
1482 1480 
1483 1481 
1484 1482 
1485 1483 
1486 1484 
1487 1485 
1488 1486 
1489 1487 
1490 1488 
1491 1489 
1492 1490 
1493 1491 
1494 1492 
1495 1493 
1496 1494 
1497 1495 
1498 1496 
1499 1497 
1500 1498 
1501 1499 
1502 1500 
1503 1501 
1504 1502 
1505 1503 
1506 1504 
1507 1505 
1508 1506 
1509 1507 
1510 1508 
1511 1509 
1512 1510 
1513 1511 
1514 1512 
1515 1513 
1516 1514 
1517 1515 
1518 1516 
1519 1517 
1520 1518 
1521 1519 
1522 1520 
1523 1521 
1524 1522 
1525 1523 
1526 1524 
1527 1525 
1528 1526 
1529 1527 
1530 1528 
1531 1529 
1532 1530 
1533 1531 
1534 1532 
1535 1533 
1536 1534 
1537 1535 
1538 1536 
1539 1537 
1540 1538 
1541 1539 
1542 1540 
1543 1541 
1544 1542 
1545 1543 
1546 1544 
1547 1545 
1548 1546 
1549 1547 
1550 1548 
1551 1549 
1552 1550 
1553 1551 
1554 1552 
1555 1553 
1556 1554 
1557 1555 
1558 1556 
1559 1557 
1560 1558 
1561 1559 
1562 1560 
1563 1561 
1564 1562 
1565 1563 
1566 1564 
1567 1565 
1568 1566 
1569 1567 
1570 1568 
1571 1569 
1572 1570 
1573 1571 
1574 1572 
1575 1573 
1576 1574 
1577 1575 
1578 1576 
1579 1577 
1580 1578 
1581 1579 
1582 1580 
1583 1581 
1584 1582 
1585 1583 
1586 1584 
1587 1585 
1588 1586 
1589 1587 
1590 1588 
1591 1589 
1592 1590 
1593 1591 
1594 1592 
1595 1593 
1596 1594 
1597 1595 
1598 1596 
1599 1597 
1600 1598 
1601 1599 
1602 1600 
1603 1601 
1604 1602 
1605 1603 
1606 1604 
1607 1605 
1608 1606 
1609 1607 
1610 1608 
1611 1609 
1612 1610 
1613 1611 
1614 1612 
1615 1613 
1616 1614 
1617 1615 
1618 1616 
1619 1617 
1620 1618 
1621 1619 
1622 1620 
1623 1621 
1624 1622 
1625 1623 
1626 1624 
1627 1625 
1628 1626 
1629 1627 
1630 1628 
1631 1629 
1632 1630 
1633 1631 
1634 1632 
1635 1633 
1636 1634 
1637 1635 
1638 1636 
1639 1637 
1640 1638 
1641 1639 
1642 1640 
1643 1641 
1644 1642 
1645 1643 
1646 1644 
1647 1645 
1648 1646 
1649 1647 
1650 1648 
1651 1649 
1652 1650 
1653 1651 
1654 1652 
1655 1653 
1656 1654 
1657 1655 
1658 1656 
1659 1657 
1660 1658 
1661 1659 
1662 1660 
1663 1661 
1664 1662 
1665 1663 
1666 1664 
1667 1665 
1668 1666 
1669 1667 
1670 1668 
1671 1669 
1672 1670 
1673 1671 
1674 1672 
1675 1673 
1676 1674 
1677 1675 
1678 1676 
1679 1677 
1680 1678 
1681 1679 
1682 1680 
1683 1681 
1684 1682 
1685 1683 
1686 1684 
1687 1685 
1688 1686 
1689 1687 
1690 1688 
1691 1689 
1692 1690 
1693 1691 
1694 1692 
1695 1693 
1696 1694 
1697 1695 
1698 1696 
1699 1697 
1700 1698 
1701 1699 
1702 1700 
1703 1701 
1704 1702 
1705 1703 
1706 1704 
1707 1705 
1708 1706 
1709 1707 
1710 1708 
1711 1709 
1712 1710 
1713 1711 
1714 1712 
1715 1713 
1716 1714 
1717 1715 
1718 1716 
1719 1717 
1720 1718 
1721 1719 
1722 1720 
1723 1721 
1724 1722 
1725 1723 
1726 1724 
1727 1725 
1728 1726 
1729 1727 
1730 1728 
1731 1729 
1732 1730 
1733 1731 
1734 1732 
1735 1733 
1736 1734 
1737 1735 
1738 1736 
1739 1737 
1740 1738 
1741 1739 
1742 1740 
1743 1741 
1744 1742 
1745 1743 
1746 1744 
1747 1745 
1748 1746 
1749 1747 
1750 1748 
1751 1749 
1752 1750 
1753 1751 
1754 1752 
1755 1753 
1756 1754 
1757 1755 
1758 1756 
1759 1757 
1760 1758 
1761 1759 
1762 1760 
1763 1761 
1764 1762 
1765 1763 
1766 1764 
1767 1765 
1768 1766 
1769 1767 
1770 1768 
1771 1769 
1772 1770 
1773 1771 
1774 1772 
1775 1773 
1776 1774 
1777 1775 
1778 1776 
1779 1777 
1780 1778 
1781 1779 
1782 1780 
1783 1781 
1784 1782 
1785 1783 
1786 1784 
1787 1785 
1788 1786 
1789 1787 
1790 1788 
1791 1789 
1792 1790 
1793 1791 
1794 1792 
1795 1793 
1796 1794 
1797 1795 
1798 1796 
1799 1797 
1800 1798 
1801 1799 
1802 1800 
1803 1801 
1804 1802 
1805 1803 
1806 1804 
1807 1805 
1808 1806 
1809 1807 
1810 1808 
1811 1809 
1812 1810 
1813 1811 
1814 1812 
1815 1813 
1816 1814 
1817 1815 
1818 1816 
1819 1817 
1820 1818 
1821 1819 
1822 1820 
1823 1821 
1824 1822 
1825 1823 
1826 1824 
1827 1825 
1828 1826 
1829 1827 
1830 1828 
1831 1829 
1832 1830 
1833 1831 
1834 1832 
1835 1833 
1836 1834 
1837 1835 
1838 1836 
1839 1837 
1840 1838 
1841 1839 
1842 1840 
1843 1841 
1844 1842 
1845 1843 
1846 1844 
1847 1845 
1848 1846 
1849 1847 
1850 1848 
1851 1849 
1852 1850 
1853 1851 
1854 1852 
1855 1853 
1856 1854 
1857 1855 
1858 1856 
1859 1857 
1860 1858 
1861 1859 
1862 1860 
1863 1861 
1864 1862 
1865 1863 
1866 1864 
1867 1865 
1868 1866 
1869 1867 
1870 1868 
1871 1869 
1872 1870 
1873 1871 
1874 1872 
1875 1873 
1876 1874 
1877 1875 
1878 1876 
1879 1877 
1880 1878 
1881 1879 
1882 1880 
1883 1881 
1884 1882 
1885 1883 
1886 1884 
1887 1885 
1888 1886 
1889 1887 
1890 1888 
1891 1889 
1892 1890 
1893 1891 
1894 1892 
1895 1893 
1896 1894 
1897 1895 
1898 1896 
1899 1897 
1900 1898 
1901 1899 
1902 1900 
1903 1901 
1904 1902 
1905 1903 
1906 1904 
1907 1905 
1908 1906 
1909 1907 
1910 1908 
1911 1909 
1912 1910 
1913 1911 
1914 1912 
1915 1913 
1916 1914 
1917 1915 
1918 1916 
1919 1917 
1920 1918 
1921 1919 
1922 1920 
1923 1921 
1924 1922 
1925 1923 
1926 1924 
1927 1925 
1928 1926 
1929 1927 
1930 1928 
1931 1929 
1932 1930 
1933 1931 
1934 1932 
1935 1933 
1936 1934 
1937 1935 
1938 1936 
1939 1937 
1940 1938 
1941 1939 
1942 1940 
1943 1941 
1944 1942 
1945 1943 
1946 1944 
1947 1945 
1948 1946 
1949 1947 
1950 1948 
1951 1949 
1952 1950 
1953 1951 
1954 1952 
1955 1953 
1956 1954 
1957 1955 
1958 1956 
1959 1957 
1960 1958 
1961 1959 
1962 1960 
1963 1961 
1964 1962 
1965 1963 
1966 1964 
1967 1965 
1968 1966 
1969 1967 
1970 1968 
1971 1969 
1972 1970 
1973 1971 
1974 1972 
1975 1973 
1976 1974 
1977 1975 
1978 1976 
1979 1977 
1980 1978 
1981 1979 
1982 1980 
1983 1981 
1984 1982 
1985 1983 
1986 1984 
1987 1985 
1988 1986 
1989 1987 
1990 1988 
1991 1989 
1992 1990 
1993 1991 
1994 1992 
1995 1993 
1996 1994 
1997 1995 
1998 1996 
1999 1997 
2000 1998 

