51
0 0 0 0
1 0.0122209 0 0
2 0.0190805 0 0
3 0.0432094 0 0
4 0.0772272 0 0
5 0.0875206 0 0
6 0.106769 0 0
7 0.141981 0 0
8 0.149972 0 0
9 0.167644 0 0
10 0.189266 0 0
11 0.196595 0 0
12 0.213721 0 0
13 0.239254 0 0
14 0.243888 0 0
15 0.250194 0 0
16 0.256233 0 0
17 0.288525 0 0
18 0.313621 0 0
19 0.336563 0 0
20 0.370543 0 0
21 0.404032 0 0
22 0.420237 0 0
23 0.435615 0 0
24 0.446312 0 0
25 0.469121 0 0
26 0.485074 0 0
27 0.501958 0 0
28 0.517979 0 0
29 0.536195 0 0
30 0.545083 0 0
31 0.569828 0 0
32 0.598683 0 0
33 0.613844 0 0
34 0.645413 0 0
35 0.657877 0 0
36 0.693994 0 0
37 0.705977 0 0
38 0.731352 0 0
39 0.76578 0 0
40 0.781927 0 0
41 0.797465 0 0
42 0.833482 0 0
43 0.85086 0 0
44 0.858627 0 0
45 0.873023 0 0
46 0.905188 0 0
47 0.941345 0 0
48 0.964145 0 0
49 0.993409 0 0
50 1 0 0
51
0 3 0 0 1 
1 3 0 1 2 
2 3 0 2 3 
3 3 0 3 4 
4 3 0 4 5 
5 3 0 5 6 
6 3 0 6 7 
7 3 0 7 8 
8 3 0 8 9 
9 3 0 9 10 
10 3 0 10 11 
11 3 0 11 12 
12 3 0 12 13 
13 3 0 13 14 
14 3 0 14 15 
15 3 0 15 16 
16 3 0 16 17 
17 3 0 17 18 
18 3 0 18 19 
19 3 0 19 20 
20 3 0 20 21 
21 3 0 21 22 
22 3 0 22 23 
23 3 0 23 24 
24 3 0 24 25 
25 3 0 25 26 
26 3 0 26 27 
27 3 0 27 28 
28 3 0 28 29 
29 3 0 29 30 
30 3 0 30 31 
31 3 0 31 32 
32 3 0 32 33 
33 3 0 33 34 
34 3 0 34 35 
35 3 0 35 36 
36 3 0 36 37 
37 3 0 37 38 
38 3 0 38 39 
39 3 0 39 40 
40 3 0 40 41 
41 3 0 41 42 
42 3 0 42 43 
43 3 0 43 44 
44 3 0 44 45 
45 3 0 45 46 
46 3 0 46 47 
47 3 0 47 48 
48 3 0 48 49 
49 3 0 49 50 
50 6 -1 
1 50 
2 0 
3 1 
4 2 
5 3 
6 4 
7 5 
8 6 
9 7 
10 8 
11 9 
12 10 
13 11 
14 12 
15 13 
16 14 
17 15 
18 16 
19 17 
20 18 
21 19 
22 20 
23 21 
24 22 
25 23 
26 24 
27 25 
28 26 
29 27 
30 28 
31 29 
32 30 
33 31 
34 32 
35 33 
36 34 
37 35 
38 36 
39 37 
40 38 
41 39 
42 40 
43 41 
44 42 
45 43 
46 44 
47 45 
48 46 
49 47 
50 48 

