225
0 0 0 0
1 0 0.0714286 0
2 0 0.142857 0
3 0 0.214286 0
4 0 0.285714 0
5 0 0.357143 0
6 0 0.428571 0
7 0 0.5 0
8 0 0.571429 0
9 0 0.642857 0
10 0 0.714286 0
11 0 0.785714 0
12 0 0.857143 0
13 0 0.928571 0
14 0 1 0
15 0.0714286 0 0
16 0.0714286 0.0714286 0
17 0.0714286 0.142857 0
18 0.0714286 0.214286 0
19 0.0714286 0.285714 0
20 0.0714286 0.357143 0
21 0.0714286 0.428571 0
22 0.0714286 0.5 0
23 0.0714286 0.571429 0
24 0.0714286 0.642857 0
25 0.0714286 0.714286 0
26 0.0714286 0.785714 0
27 0.0714286 0.857143 0
28 0.0714286 0.928571 0
29 0.0714286 1 0
30 0.142857 0 0
31 0.142857 0.0714286 0
32 0.142857 0.142857 0
33 0.142857 0.214286 0
34 0.142857 0.285714 0
35 0.142857 0.357143 0
36 0.142857 0.428571 0
37 0.142857 0.5 0
38 0.142857 0.571429 0
39 0.142857 0.642857 0
40 0.142857 0.714286 0
41 0.142857 0.785714 0
42 0.142857 0.857143 0
43 0.142857 0.928571 0
44 0.142857 1 0
45 0.214286 0 0
46 0.214286 0.0714286 0
47 0.214286 0.142857 0
48 0.214286 0.214286 0
49 0.214286 0.285714 0
50 0.214286 0.357143 0
51 0.214286 0.428571 0
52 0.214286 0.5 0
53 0.214286 0.571429 0
54 0.214286 0.642857 0
55 0.214286 0.714286 0
56 0.214286 0.785714 0
57 0.214286 0.857143 0
58 0.214286 0.928571 0
59 0.214286 1 0
60 0.285714 0 0
61 0.285714 0.0714286 0
62 0.285714 0.142857 0
63 0.285714 0.214286 0
64 0.285714 0.285714 0
65 0.285714 0.357143 0
66 0.285714 0.428571 0
67 0.285714 0.5 0
68 0.285714 0.571429 0
69 0.285714 0.642857 0
70 0.285714 0.714286 0
71 0.285714 0.785714 0
72 0.285714 0.857143 0
73 0.285714 0.928571 0
74 0.285714 1 0
75 0.357143 0 0
76 0.357143 0.0714286 0
77 0.357143 0.142857 0
78 0.357143 0.214286 0
79 0.357143 0.285714 0
80 0.357143 0.357143 0
81 0.357143 0.428571 0
82 0.357143 0.5 0
83 0.357143 0.571429 0
84 0.357143 0.642857 0
85 0.357143 0.714286 0
86 0.357143 0.785714 0
87 0.357143 0.857143 0
88 0.357143 0.928571 0
89 0.357143 1 0
90 0.428571 0 0
91 0.428571 0.0714286 0
92 0.428571 0.142857 0
93 0.428571 0.214286 0
94 0.428571 0.285714 0
95 0.428571 0.357143 0
96 0.428571 0.428571 0
97 0.428571 0.5 0
98 0.428571 0.571429 0
99 0.428571 0.642857 0
100 0.428571 0.714286 0
101 0.428571 0.785714 0
102 0.428571 0.857143 0
103 0.428571 0.928571 0
104 0.428571 1 0
105 0.5 0 0
106 0.5 0.0714286 0
107 0.5 0.142857 0
108 0.5 0.214286 0
109 0.5 0.285714 0
110 0.5 0.357143 0
111 0.5 0.428571 0
112 0.5 0.5 0
113 0.5 0.571429 0
114 0.5 0.642857 0
115 0.5 0.714286 0
116 0.5 0.785714 0
117 0.5 0.857143 0
118 0.5 0.928571 0
119 0.5 1 0
120 0.571429 0 0
121 0.571429 0.0714286 0
122 0.571429 0.142857 0
123 0.571429 0.214286 0
124 0.571429 0.285714 0
125 0.571429 0.357143 0
126 0.571429 0.428571 0
127 0.571429 0.5 0
128 0.571429 0.571429 0
129 0.571429 0.642857 0
130 0.571429 0.714286 0
131 0.571429 0.785714 0
132 0.571429 0.857143 0
133 0.571429 0.928571 0
134 0.571429 1 0
135 0.642857 0 0
136 0.642857 0.0714286 0
137 0.642857 0.142857 0
138 0.642857 0.214286 0
139 0.642857 0.285714 0
140 0.642857 0.357143 0
141 0.642857 0.428571 0
142 0.642857 0.5 0
143 0.642857 0.571429 0
144 0.642857 0.642857 0
145 0.642857 0.714286 0
146 0.642857 0.785714 0
147 0.642857 0.857143 0
148 0.642857 0.928571 0
149 0.642857 1 0
150 0.714286 0 0
151 0.714286 0.0714286 0
152 0.714286 0.142857 0
153 0.714286 0.214286 0
154 0.714286 0.285714 0
155 0.714286 0.357143 0
156 0.714286 0.428571 0
157 0.714286 0.5 0
158 0.714286 0.571429 0
159 0.714286 0.642857 0
160 0.714286 0.714286 0
161 0.714286 0.785714 0
162 0.714286 0.857143 0
163 0.714286 0.928571 0
164 0.714286 1 0
165 0.785714 0 0
166 0.785714 0.0714286 0
167 0.785714 0.142857 0
168 0.785714 0.214286 0
169 0.785714 0.285714 0
170 0.785714 0.357143 0
171 0.785714 0.428571 0
172 0.785714 0.5 0
173 0.785714 0.571429 0
174 0.785714 0.642857 0
175 0.785714 0.714286 0
176 0.785714 0.785714 0
177 0.785714 0.857143 0
178 0.785714 0.928571 0
179 0.785714 1 0
180 0.857143 0 0
181 0.857143 0.0714286 0
182 0.857143 0.142857 0
183 0.857143 0.214286 0
184 0.857143 0.285714 0
185 0.857143 0.357143 0
186 0.857143 0.428571 0
187 0.857143 0.5 0
188 0.857143 0.571429 0
189 0.857143 0.642857 0
190 0.857143 0.714286 0
191 0.857143 0.785714 0
192 0.857143 0.857143 0
193 0.857143 0.928571 0
194 0.857143 1 0
195 0.928571 0 0
196 0.928571 0.0714286 0
197 0.928571 0.142857 0
198 0.928571 0.214286 0
199 0.928571 0.285714 0
200 0.928571 0.357143 0
201 0.928571 0.428571 0
202 0.928571 0.5 0
203 0.928571 0.571429 0
204 0.928571 0.642857 0
205 0.928571 0.714286 0
206 0.928571 0.785714 0
207 0.928571 0.857143 0
208 0.928571 0.928571 0
209 0.928571 1 0
210 1 0 0
211 1 0.0714286 0
212 1 0.142857 0
213 1 0.214286 0
214 1 0.285714 0
215 1 0.357143 0
216 1 0.428571 0
217 1 0.5 0
218 1 0.571429 0
219 1 0.642857 0
220 1 0.714286 0
221 1 0.785714 0
222 1 0.857143 0
223 1 0.928571 0
224 1 1 0
393
0 4 0 0 15 16 
1 4 0 0 16 1 
2 4 0 1 16 17 
3 4 0 1 17 2 
4 4 0 2 17 18 
5 4 0 2 18 3 
6 4 0 3 18 19 
7 4 0 3 19 4 
8 4 0 4 19 20 
9 4 0 4 20 5 
10 4 0 5 20 21 
11 4 0 5 21 6 
12 4 0 6 21 22 
13 4 0 6 22 7 
14 4 0 7 22 23 
15 4 0 7 23 8 
16 4 0 8 23 24 
17 4 0 8 24 9 
18 4 0 9 24 25 
19 4 0 9 25 10 
20 4 0 10 25 26 
21 4 0 10 26 11 
22 4 0 11 26 27 
23 4 0 11 27 12 
24 4 0 12 27 28 
25 4 0 12 28 13 
26 4 0 13 28 29 
27 4 0 13 29 14 
28 4 0 15 30 31 
29 4 0 15 31 16 
30 4 0 16 31 32 
31 4 0 16 32 17 
32 4 0 17 32 33 
33 4 0 17 33 18 
34 4 0 18 33 34 
35 4 0 18 34 19 
36 4 0 19 34 35 
37 4 0 19 35 20 
38 4 0 20 35 36 
39 4 0 20 36 21 
40 4 0 21 36 37 
41 4 0 21 37 22 
42 4 0 22 37 38 
43 4 0 22 38 23 
44 4 0 23 38 39 
45 4 0 23 39 24 
46 4 0 24 39 40 
47 4 0 24 40 25 
48 4 0 25 40 41 
49 4 0 25 41 26 
50 4 0 26 41 42 
51 4 0 26 42 27 
52 4 0 27 42 43 
53 4 0 27 43 28 
54 4 0 28 43 44 
55 4 0 28 44 29 
56 4 0 30 45 46 
57 4 0 30 46 31 
58 4 0 31 46 47 
59 4 0 31 47 32 
60 4 0 32 47 48 
61 4 0 32 48 33 
62 4 0 33 48 49 
63 4 0 33 49 34 
64 4 0 34 49 50 
65 4 0 34 50 35 
66 4 0 35 50 51 
67 4 0 35 51 36 
68 4 0 36 51 52 
69 4 0 36 52 37 
70 4 0 37 52 53 
71 4 0 37 53 38 
72 4 0 38 53 54 
73 4 0 38 54 39 
74 4 0 39 54 55 
75 4 0 39 55 40 
76 4 0 40 55 56 
77 4 0 40 56 41 
78 4 0 41 56 57 
79 4 0 41 57 42 
80 4 0 42 57 58 
81 4 0 42 58 43 
82 4 0 43 58 59 
83 4 0 43 59 44 
84 4 0 45 60 61 
85 4 0 45 61 46 
86 4 0 46 61 62 
87 4 0 46 62 47 
88 4 0 47 62 63 
89 4 0 47 63 48 
90 4 0 48 63 64 
91 4 0 48 64 49 
92 4 0 49 64 65 
93 4 0 49 65 50 
94 4 0 50 65 66 
95 4 0 50 66 51 
96 4 0 51 66 67 
97 4 0 51 67 52 
98 4 0 52 67 68 
99 4 0 52 68 53 
100 4 0 53 68 69 
101 4 0 53 69 54 
102 4 0 54 69 70 
103 4 0 54 70 55 
104 4 0 55 70 71 
105 4 0 55 71 56 
106 4 0 56 71 72 
107 4 0 56 72 57 
108 4 0 57 72 73 
109 4 0 57 73 58 
110 4 0 58 73 74 
111 4 0 58 74 59 
112 4 0 60 75 76 
113 4 0 60 76 61 
114 4 0 61 76 77 
115 4 0 61 77 62 
116 4 0 62 77 78 
117 4 0 62 78 63 
118 4 0 63 78 79 
119 4 0 63 79 64 
120 4 0 64 79 80 
121 4 0 64 80 65 
122 4 0 65 80 81 
123 4 0 65 81 66 
124 4 0 66 81 82 
125 4 0 66 82 67 
126 4 0 67 82 83 
127 4 0 67 83 68 
128 4 0 68 83 84 
129 4 0 68 84 69 
130 4 0 69 84 85 
131 4 0 69 85 70 
132 4 0 70 85 86 
133 4 0 70 86 71 
134 4 0 71 86 87 
135 4 0 71 87 72 
136 4 0 72 87 88 
137 4 0 72 88 73 
138 4 0 73 88 89 
139 4 0 73 89 74 
140 4 0 75 90 91 
141 4 0 75 91 76 
142 4 0 76 91 92 
143 4 0 76 92 77 
144 4 0 77 92 93 
145 4 0 77 93 78 
146 4 0 78 93 94 
147 4 0 78 94 79 
148 4 0 79 94 95 
149 4 0 79 95 80 
150 4 0 80 95 96 
151 4 0 80 96 81 
152 4 0 81 96 97 
153 4 0 81 97 82 
154 4 0 82 97 98 
155 4 0 82 98 83 
156 4 0 83 98 99 
157 4 0 83 99 84 
158 4 0 84 99 100 
159 4 0 84 100 85 
160 4 0 85 100 101 
161 4 0 85 101 86 
162 4 0 86 101 102 
163 4 0 86 102 87 
164 4 0 87 102 103 
165 4 0 87 103 88 
166 4 0 88 103 104 
167 4 0 88 104 89 
168 4 0 90 105 106 
169 4 0 90 106 91 
170 4 0 91 106 107 
171 4 0 91 107 92 
172 4 0 92 107 108 
173 4 0 92 108 93 
174 4 0 93 108 109 
175 4 0 93 109 94 
176 4 0 94 109 110 
177 4 0 94 110 95 
178 4 0 95 110 111 
179 4 0 95 111 96 
180 4 0 96 111 112 
181 4 0 96 112 97 
182 4 0 97 112 113 
183 4 0 97 113 98 
184 4 0 98 113 114 
185 4 0 98 114 99 
186 4 0 99 114 115 
187 4 0 99 115 100 
188 4 0 100 115 116 
189 4 0 100 116 101 
190 4 0 101 116 117 
191 4 0 101 117 102 
192 4 0 102 117 118 
193 4 0 102 118 103 
194 4 0 103 118 119 
195 4 0 103 119 104 
196 4 0 105 120 121 
197 4 0 105 121 106 
198 4 0 106 121 122 
199 4 0 106 122 107 
200 4 0 107 122 123 
201 4 0 107 123 108 
202 4 0 108 123 124 
203 4 0 108 124 109 
204 4 0 109 124 125 
205 4 0 109 125 110 
206 4 0 110 125 126 
207 4 0 110 126 111 
208 4 0 111 126 127 
209 4 0 111 127 112 
210 4 0 112 127 128 
211 4 0 112 128 113 
212 4 0 113 128 129 
213 4 0 113 129 114 
214 4 0 114 129 130 
215 4 0 114 130 115 
216 4 0 115 130 131 
217 4 0 115 131 116 
218 4 0 116 131 132 
219 4 0 116 132 117 
220 4 0 117 132 133 
221 4 0 117 133 118 
222 4 0 118 133 134 
223 4 0 118 134 119 
224 4 0 120 135 136 
225 4 0 120 136 121 
226 4 0 121 136 137 
227 4 0 121 137 122 
228 4 0 122 137 138 
229 4 0 122 138 123 
230 4 0 123 138 139 
231 4 0 123 139 124 
232 4 0 124 139 140 
233 4 0 124 140 125 
234 4 0 125 140 141 
235 4 0 125 141 126 
236 4 0 126 141 142 
237 4 0 126 142 127 
238 4 0 127 142 143 
239 4 0 127 143 128 
240 4 0 128 143 144 
241 4 0 128 144 129 
242 4 0 129 144 145 
243 4 0 129 145 130 
244 4 0 130 145 146 
245 4 0 130 146 131 
246 4 0 131 146 147 
247 4 0 131 147 132 
248 4 0 132 147 148 
249 4 0 132 148 133 
250 4 0 133 148 149 
251 4 0 133 149 134 
252 4 0 135 150 151 
253 4 0 135 151 136 
254 4 0 136 151 152 
255 4 0 136 152 137 
256 4 0 137 152 153 
257 4 0 137 153 138 
258 4 0 138 153 154 
259 4 0 138 154 139 
260 4 0 139 154 155 
261 4 0 139 155 140 
262 4 0 140 155 156 
263 4 0 140 156 141 
264 4 0 141 156 157 
265 4 0 141 157 142 
266 4 0 142 157 158 
267 4 0 142 158 143 
268 4 0 143 158 159 
269 4 0 143 159 144 
270 4 0 144 159 160 
271 4 0 144 160 145 
272 4 0 145 160 161 
273 4 0 145 161 146 
274 4 0 146 161 162 
275 4 0 146 162 147 
276 4 0 147 162 163 
277 4 0 147 163 148 
278 4 0 148 163 164 
279 4 0 148 164 149 
280 4 0 150 165 166 
281 4 0 150 166 151 
282 4 0 151 166 167 
283 4 0 151 167 152 
284 4 0 152 167 168 
285 4 0 152 168 153 
286 4 0 153 168 169 
287 4 0 153 169 154 
288 4 0 154 169 170 
289 4 0 154 170 155 
290 4 0 155 170 171 
291 4 0 155 171 156 
292 4 0 156 171 172 
293 4 0 156 172 157 
294 4 0 157 172 173 
295 4 0 157 173 158 
296 4 0 158 173 174 
297 4 0 158 174 159 
298 4 0 159 174 175 
299 4 0 159 175 160 
300 4 0 160 175 176 
301 4 0 160 176 161 
302 4 0 161 176 177 
303 4 0 161 177 162 
304 4 0 162 177 178 
305 4 0 162 178 163 
306 4 0 163 178 179 
307 4 0 163 179 164 
308 4 0 165 180 181 
309 4 0 165 181 166 
310 4 0 166 181 182 
311 4 0 166 182 167 
312 4 0 167 182 183 
313 4 0 167 183 168 
314 4 0 168 183 184 
315 4 0 168 184 169 
316 4 0 169 184 185 
317 4 0 169 185 170 
318 4 0 170 185 186 
319 4 0 170 186 171 
320 4 0 171 186 187 
321 4 0 171 187 172 
322 4 0 172 187 188 
323 4 0 172 188 173 
324 4 0 173 188 189 
325 4 0 173 189 174 
326 4 0 174 189 190 
327 4 0 174 190 175 
328 4 0 175 190 191 
329 4 0 175 191 176 
330 4 0 176 191 192 
331 4 0 176 192 177 
332 4 0 177 192 193 
333 4 0 177 193 178 
334 4 0 178 193 194 
335 4 0 178 194 179 
336 4 0 180 195 196 
337 4 0 180 196 181 
338 4 0 181 196 197 
339 4 0 181 197 182 
340 4 0 182 197 198 
341 4 0 182 198 183 
342 4 0 183 198 199 
343 4 0 183 199 184 
344 4 0 184 199 200 
345 4 0 184 200 185 
346 4 0 185 200 201 
347 4 0 185 201 186 
348 4 0 186 201 202 
349 4 0 186 202 187 
350 4 0 187 202 203 
351 4 0 187 203 188 
352 4 0 188 203 204 
353 4 0 188 204 189 
354 4 0 189 204 205 
355 4 0 189 205 190 
356 4 0 190 205 206 
357 4 0 190 206 191 
358 4 0 191 206 207 
359 4 0 191 207 192 
360 4 0 192 207 208 
361 4 0 192 208 193 
362 4 0 193 208 209 
363 4 0 193 209 194 
364 4 0 195 210 211 
365 4 0 195 211 196 
366 4 0 196 211 212 
367 4 0 196 212 197 
368 4 0 197 212 213 
369 4 0 197 213 198 
370 4 0 198 213 214 
371 4 0 198 214 199 
372 4 0 199 214 215 
373 4 0 199 215 200 
374 4 0 200 215 216 
375 4 0 200 216 201 
376 4 0 201 216 217 
377 4 0 201 217 202 
378 4 0 202 217 218 
379 4 0 202 218 203 
380 4 0 203 218 219 
381 4 0 203 219 204 
382 4 0 204 219 220 
383 4 0 204 220 205 
384 4 0 205 220 221 
385 4 0 205 221 206 
386 4 0 206 221 222 
387 4 0 206 222 207 
388 4 0 207 222 223 
389 4 0 207 223 208 
390 4 0 208 223 224 
391 4 0 208 224 209 
392 6 0 
29 1 392 
2 392 0 
31 3 1 
4 392 2 
33 5 3 
6 392 4 
35 7 5 
8 392 6 
37 9 7 
10 392 8 
39 11 9 
12 392 10 
41 13 11 
14 392 12 
43 15 13 
16 392 14 
45 17 15 
18 392 16 
47 19 17 
20 392 18 
49 21 19 
22 392 20 
51 23 21 
24 392 22 
53 25 23 
26 392 24 
55 27 25 
392 392 26 
57 29 392 
30 0 28 
59 31 29 
32 2 30 
61 33 31 
34 4 32 
63 35 33 
36 6 34 
65 37 35 
38 8 36 
67 39 37 
40 10 38 
69 41 39 
42 12 40 
71 43 41 
44 14 42 
73 45 43 
46 16 44 
75 47 45 
48 18 46 
77 49 47 
50 20 48 
79 51 49 
52 22 50 
81 53 51 
54 24 52 
83 55 53 
392 26 54 
85 57 392 
58 28 56 
87 59 57 
60 30 58 
89 61 59 
62 32 60 
91 63 61 
64 34 62 
93 65 63 
66 36 64 
95 67 65 
68 38 66 
97 69 67 
70 40 68 
99 71 69 
72 42 70 
101 73 71 
74 44 72 
103 75 73 
76 46 74 
105 77 75 
78 48 76 
107 79 77 
80 50 78 
109 81 79 
82 52 80 
111 83 81 
392 54 82 
113 85 392 
86 56 84 
115 87 85 
88 58 86 
117 89 87 
90 60 88 
119 91 89 
92 62 90 
121 93 91 
94 64 92 
123 95 93 
96 66 94 
125 97 95 
98 68 96 
127 99 97 
100 70 98 
129 101 99 
102 72 100 
131 103 101 
104 74 102 
133 105 103 
106 76 104 
135 107 105 
108 78 106 
137 109 107 
110 80 108 
139 111 109 
392 82 110 
141 113 392 
114 84 112 
143 115 113 
116 86 114 
145 117 115 
118 88 116 
147 119 117 
120 90 118 
149 121 119 
122 92 120 
151 123 121 
124 94 122 
153 125 123 
126 96 124 
155 127 125 
128 98 126 
157 129 127 
130 100 128 
159 131 129 
132 102 130 
161 133 131 
134 104 132 
163 135 133 
136 106 134 
165 137 135 
138 108 136 
167 139 137 
392 110 138 
169 141 392 
142 112 140 
171 143 141 
144 114 142 
173 145 143 
146 116 144 
175 147 145 
148 118 146 
177 149 147 
150 120 148 
179 151 149 
152 122 150 
181 153 151 
154 124 152 
183 155 153 
156 126 154 
185 157 155 
158 128 156 
187 159 157 
160 130 158 
189 161 159 
162 132 160 
191 163 161 
164 134 162 
193 165 163 
166 136 164 
195 167 165 
392 138 166 
197 169 392 
170 140 168 
199 171 169 
172 142 170 
201 173 171 
174 144 172 
203 175 173 
176 146 174 
205 177 175 
178 148 176 
207 179 177 
180 150 178 
209 181 179 
182 152 180 
211 183 181 
184 154 182 
213 185 183 
186 156 184 
215 187 185 
188 158 186 
217 189 187 
190 160 188 
219 191 189 
192 162 190 
221 193 191 
194 164 192 
223 195 193 
392 166 194 
225 197 392 
198 168 196 
227 199 197 
200 170 198 
229 201 199 
202 172 200 
231 203 201 
204 174 202 
233 205 203 
206 176 204 
235 207 205 
208 178 206 
237 209 207 
210 180 208 
239 211 209 
212 182 210 
241 213 211 
214 184 212 
243 215 213 
216 186 214 
245 217 215 
218 188 216 
247 219 217 
220 190 218 
249 221 219 
222 192 220 
251 223 221 
392 194 222 
253 225 392 
226 196 224 
255 227 225 
228 198 226 
257 229 227 
230 200 228 
259 231 229 
232 202 230 
261 233 231 
234 204 232 
263 235 233 
236 206 234 
265 237 235 
238 208 236 
267 239 237 
240 210 238 
269 241 239 
242 212 240 
271 243 241 
244 214 242 
273 245 243 
246 216 244 
275 247 245 
248 218 246 
277 249 247 
250 220 248 
279 251 249 
392 222 250 
281 253 392 
254 224 252 
283 255 253 
256 226 254 
285 257 255 
258 228 256 
287 259 257 
260 230 258 
289 261 259 
262 232 260 
291 263 261 
264 234 262 
293 265 263 
266 236 264 
295 267 265 
268 238 266 
297 269 267 
270 240 268 
299 271 269 
272 242 270 
301 273 271 
274 244 272 
303 275 273 
276 246 274 
305 277 275 
278 248 276 
307 279 277 
392 250 278 
309 281 392 
282 252 280 
311 283 281 
284 254 282 
313 285 283 
286 256 284 
315 287 285 
288 258 286 
317 289 287 
290 260 288 
319 291 289 
292 262 290 
321 293 291 
294 264 292 
323 295 293 
296 266 294 
325 297 295 
298 268 296 
327 299 297 
300 270 298 
329 301 299 
302 272 300 
331 303 301 
304 274 302 
333 305 303 
306 276 304 
335 307 305 
392 278 306 
337 309 392 
310 280 308 
339 311 309 
312 282 310 
341 313 311 
314 284 312 
343 315 313 
316 286 314 
345 317 315 
318 288 316 
347 319 317 
320 290 318 
349 321 319 
322 292 320 
351 323 321 
324 294 322 
353 325 323 
326 296 324 
355 327 325 
328 298 326 
357 329 327 
330 300 328 
359 331 329 
332 302 330 
361 333 331 
334 304 332 
363 335 333 
392 306 334 
365 337 392 
338 308 336 
367 339 337 
340 310 338 
369 341 339 
342 312 340 
371 343 341 
344 314 342 
373 345 343 
346 316 344 
375 347 345 
348 318 346 
377 349 347 
350 320 348 
379 351 349 
352 322 350 
381 353 351 
354 324 352 
383 355 353 
356 326 354 
385 357 355 
358 328 356 
387 359 357 
360 330 358 
389 361 359 
362 332 360 
391 363 361 
392 334 362 
392 365 392 
366 336 364 
392 367 365 
368 338 366 
392 369 367 
370 340 368 
392 371 369 
372 342 370 
392 373 371 
374 344 372 
392 375 373 
376 346 374 
392 377 375 
378 348 376 
392 379 377 
380 350 378 
392 381 379 
382 352 380 
392 383 381 
384 354 382 
392 385 383 
386 356 384 
392 387 385 
388 358 386 
392 389 387 
390 360 388 
392 391 389 
392 362 390 

