127
0 0 0 0
1 0.166667 0 0
2 0.0833333 0.144338 0
3 -0.0833333 0.144338 0
4 -0.166667 2.04108e-17 0
5 -0.0833333 -0.144338 0
6 0.0833333 -0.144338 0
7 0.333333 0 0
8 0.288675 0.166667 0
9 0.166667 0.288675 0
10 2.04108e-17 0.333333 0
11 -0.166667 0.288675 0
12 -0.288675 0.166667 0
13 -0.333333 4.08216e-17 0
14 -0.288675 -0.166667 0
15 -0.166667 -0.288675 0
16 -6.12323e-17 -0.333333 0
17 0.166667 -0.288675 0
18 0.288675 -0.166667 0
19 0.5 0 0
20 0.469846 0.17101 0
21 0.383022 0.321394 0
22 0.25 0.433013 0
23 0.0868241 0.492404 0
24 -0.0868241 0.492404 0
25 -0.25 0.433013 0
26 -0.383022 0.321394 0
27 -0.469846 0.17101 0
28 -0.5 6.12323e-17 0
29 -0.469846 -0.17101 0
30 -0.383022 -0.321394 0
31 -0.25 -0.433013 0
32 -0.0868241 -0.492404 0
33 0.0868241 -0.492404 0
34 0.25 -0.433013 0
35 0.383022 -0.321394 0
36 0.469846 -0.17101 0
37 0.666667 0 0
38 0.643951 0.172546 0
39 0.57735 0.333333 0
40 0.471405 0.471405 0
41 0.333333 0.57735 0
42 0.172546 0.643951 0
43 4.08216e-17 0.666667 0
44 -0.172546 0.643951 0
45 -0.333333 0.57735 0
46 -0.471405 0.471405 0
47 -0.57735 0.333333 0
48 -0.643951 0.172546 0
49 -0.666667 8.16431e-17 0
50 -0.643951 -0.172546 0
51 -0.57735 -0.333333 0
52 -0.471405 -0.471405 0
53 -0.333333 -0.57735 0
54 -0.172546 -0.643951 0
55 -1.22465e-16 -0.666667 0
56 0.172546 -0.643951 0
57 0.333333 -0.57735 0
58 0.471405 -0.471405 0
59 0.57735 -0.333333 0
60 0.643951 -0.172546 0
61 0.833333 0 0
62 0.815123 0.17326 0
63 0.761288 0.338947 0
64 0.674181 0.489821 0
65 0.557609 0.619287 0
66 0.416667 0.721688 0
67 0.257514 0.792547 0
68 0.0871071 0.828768 0
69 -0.0871071 0.828768 0
70 -0.257514 0.792547 0
71 -0.416667 0.721688 0
72 -0.557609 0.619287 0
73 -0.674181 0.489821 0
74 -0.761288 0.338947 0
75 -0.815123 0.17326 0
76 -0.833333 4.72128e-16 0
77 -0.815123 -0.17326 0
78 -0.761288 -0.338947 0
79 -0.674181 -0.489821 0
80 -0.557609 -0.619287 0
81 -0.416667 -0.721688 0
82 -0.257514 -0.792547 0
83 -0.0871071 -0.828768 0
84 0.0871071 -0.828768 0
85 0.257514 -0.792547 0
86 0.416667 -0.721688 0
87 0.557609 -0.619287 0
88 0.674181 -0.489821 0
89 0.761288 -0.338947 0
90 0.815123 -0.17326 0
91 1 0 0
92 0.984808 0.173648 0
93 0.939693 0.34202 0
94 0.866025 0.5 0
95 0.766044 0.642788 0
96 0.642788 0.766044 0
97 0.5 0.866025 0
98 0.34202 0.939693 0
99 0.173648 0.984808 0
100 6.12323e-17 1 0
101 -0.173648 0.984808 0
102 -0.34202 0.939693 0
103 -0.5 0.866025 0
104 -0.642788 0.766044 0
105 -0.766044 0.642788 0
106 -0.866025 0.5 0
107 -0.939693 0.34202 0
108 -0.984808 0.173648 0
109 -1 1.22465e-16 0
110 -0.984808 -0.173648 0
111 -0.939693 -0.34202 0
112 -0.866025 -0.5 0
113 -0.766044 -0.642788 0
114 -0.642788 -0.766044 0
115 -0.5 -0.866025 0
116 -0.34202 -0.939693 0
117 -0.173648 -0.984808 0
118 -1.83697e-16 -1 0
119 0.173648 -0.984808 0
120 0.34202 -0.939693 0
121 0.5 -0.866025 0
122 0.642788 -0.766044 0
123 0.766044 -0.642788 0
124 0.866025 -0.5 0
125 0.939693 -0.34202 0
126 0.984808 -0.173648 0
217
0 4 0 0 1 2 
1 4 0 0 2 3 
2 4 0 0 3 4 
3 4 0 0 4 5 
4 4 0 0 5 6 
5 4 0 0 6 1 
6 4 0 1 2 8 
7 4 0 2 3 10 
8 4 0 3 4 12 
9 4 0 4 5 14 
10 4 0 5 6 16 
11 4 0 6 1 18 
12 4 0 7 8 1 
13 4 0 8 9 2 
14 4 0 9 10 2 
15 4 0 10 11 3 
16 4 0 11 12 3 
17 4 0 12 13 4 
18 4 0 13 14 4 
19 4 0 14 15 5 
20 4 0 15 16 5 
21 4 0 16 17 6 
22 4 0 17 18 6 
23 4 0 18 7 1 
24 4 0 7 8 20 
25 4 0 8 9 21 
26 4 0 9 10 23 
27 4 0 10 11 24 
28 4 0 11 12 26 
29 4 0 12 13 27 
30 4 0 13 14 29 
31 4 0 14 15 30 
32 4 0 15 16 32 
33 4 0 16 17 33 
34 4 0 17 18 35 
35 4 0 18 7 36 
36 4 0 19 20 7 
37 4 0 20 21 8 
38 4 0 21 22 9 
39 4 0 22 23 9 
40 4 0 23 24 10 
41 4 0 24 25 11 
42 4 0 25 26 11 
43 4 0 26 27 12 
44 4 0 27 28 13 
45 4 0 28 29 13 
46 4 0 29 30 14 
47 4 0 30 31 15 
48 4 0 31 32 15 
49 4 0 32 33 16 
50 4 0 33 34 17 
51 4 0 34 35 17 
52 4 0 35 36 18 
53 4 0 36 19 7 
54 4 0 19 20 38 
55 4 0 20 21 39 
56 4 0 21 22 40 
57 4 0 22 23 42 
58 4 0 23 24 43 
59 4 0 24 25 44 
60 4 0 25 26 46 
61 4 0 26 27 47 
62 4 0 27 28 48 
63 4 0 28 29 50 
64 4 0 29 30 51 
65 4 0 30 31 52 
66 4 0 31 32 54 
67 4 0 32 33 55 
68 4 0 33 34 56 
69 4 0 34 35 58 
70 4 0 35 36 59 
71 4 0 36 19 60 
72 4 0 37 38 19 
73 4 0 38 39 20 
74 4 0 39 40 21 
75 4 0 40 41 22 
76 4 0 41 42 22 
77 4 0 42 43 23 
78 4 0 43 44 24 
79 4 0 44 45 25 
80 4 0 45 46 25 
81 4 0 46 47 26 
82 4 0 47 48 27 
83 4 0 48 49 28 
84 4 0 49 50 28 
85 4 0 50 51 29 
86 4 0 51 52 30 
87 4 0 52 53 31 
88 4 0 53 54 31 
89 4 0 54 55 32 
90 4 0 55 56 33 
91 4 0 56 57 34 
92 4 0 57 58 34 
93 4 0 58 59 35 
94 4 0 59 60 36 
95 4 0 60 37 19 
96 4 0 37 38 62 
97 4 0 38 39 63 
98 4 0 39 40 64 
99 4 0 40 41 65 
100 4 0 41 42 67 
101 4 0 42 43 68 
102 4 0 43 44 69 
103 4 0 44 45 70 
104 4 0 45 46 72 
105 4 0 46 47 73 
106 4 0 47 48 74 
107 4 0 48 49 75 
108 4 0 49 50 77 
109 4 0 50 51 78 
110 4 0 51 52 79 
111 4 0 52 53 80 
112 4 0 53 54 82 
113 4 0 54 55 83 
114 4 0 55 56 84 
115 4 0 56 57 85 
116 4 0 57 58 87 
117 4 0 58 59 88 
118 4 0 59 60 89 
119 4 0 60 37 90 
120 4 0 61 62 37 
121 4 0 62 63 38 
122 4 0 63 64 39 
123 4 0 64 65 40 
124 4 0 65 66 41 
125 4 0 66 67 41 
126 4 0 67 68 42 
127 4 0 68 69 43 
128 4 0 69 70 44 
129 4 0 70 71 45 
130 4 0 71 72 45 
131 4 0 72 73 46 
132 4 0 73 74 47 
133 4 0 74 75 48 
134 4 0 75 76 49 
135 4 0 76 77 49 
136 4 0 77 78 50 
137 4 0 78 79 51 
138 4 0 79 80 52 
139 4 0 80 81 53 
140 4 0 81 82 53 
141 4 0 82 83 54 
142 4 0 83 84 55 
143 4 0 84 85 56 
144 4 0 85 86 57 
145 4 0 86 87 57 
146 4 0 87 88 58 
147 4 0 88 89 59 
148 4 0 89 90 60 
149 4 0 90 61 37 
150 4 0 61 62 92 
151 4 0 62 63 93 
152 4 0 63 64 94 
153 4 0 64 65 95 
154 4 0 65 66 96 
155 4 0 66 67 98 
156 4 0 67 68 99 
157 4 0 68 69 100 
158 4 0 69 70 101 
159 4 0 70 71 102 
160 4 0 71 72 104 
161 4 0 72 73 105 
162 4 0 73 74 106 
163 4 0 74 75 107 
164 4 0 75 76 108 
165 4 0 76 77 110 
166 4 0 77 78 111 
167 4 0 78 79 112 
168 4 0 79 80 113 
169 4 0 80 81 114 
170 4 0 81 82 116 
171 4 0 82 83 117 
172 4 0 83 84 118 
173 4 0 84 85 119 
174 4 0 85 86 120 
175 4 0 86 87 122 
176 4 0 87 88 123 
177 4 0 88 89 124 
178 4 0 89 90 125 
179 4 0 90 61 126 
180 4 0 91 92 61 
181 4 0 92 93 62 
182 4 0 93 94 63 
183 4 0 94 95 64 
184 4 0 95 96 65 
185 4 0 96 97 66 
186 4 0 97 98 66 
187 4 0 98 99 67 
188 4 0 99 100 68 
189 4 0 100 101 69 
190 4 0 101 102 70 
191 4 0 102 103 71 
192 4 0 103 104 71 
193 4 0 104 105 72 
194 4 0 105 106 73 
195 4 0 106 107 74 
196 4 0 107 108 75 
197 4 0 108 109 76 
198 4 0 109 110 76 
199 4 0 110 111 77 
200 4 0 111 112 78 
201 4 0 112 113 79 
202 4 0 113 114 80 
203 4 0 114 115 81 
204 4 0 115 116 81 
205 4 0 116 117 82 
206 4 0 117 118 83 
207 4 0 118 119 84 
208 4 0 119 120 85 
209 4 0 120 121 86 
210 4 0 121 122 86 
211 4 0 122 123 87 
212 4 0 123 124 88 
213 4 0 124 125 89 
214 4 0 125 126 90 
215 4 0 126 91 61 
216 6 -1 
6 1 5 
7 2 0 
8 3 1 
9 4 2 
10 5 3 
11 0 4 
13 12 0 
15 14 1 
17 16 2 
19 18 3 
21 20 4 
23 22 5 
6 23 24 
14 6 25 
7 13 26 
16 7 27 
8 15 28 
18 8 29 
9 17 30 
20 9 31 
10 19 32 
22 10 33 
11 21 34 
12 11 35 
37 36 12 
38 37 13 
40 39 14 
41 40 15 
43 42 16 
44 43 17 
46 45 18 
47 46 19 
49 48 20 
50 49 21 
52 51 22 
53 52 23 
24 53 54 
25 24 55 
39 25 56 
26 38 57 
27 26 58 
42 27 59 
28 41 60 
29 28 61 
45 29 62 
30 44 63 
31 30 64 
48 31 65 
32 47 66 
33 32 67 
51 33 68 
34 50 69 
35 34 70 
36 35 71 
73 72 36 
74 73 37 
75 74 38 
77 76 39 
78 77 40 
79 78 41 
81 80 42 
82 81 43 
83 82 44 
85 84 45 
86 85 46 
87 86 47 
89 88 48 
90 89 49 
91 90 50 
93 92 51 
94 93 52 
95 94 53 
54 95 96 
55 54 97 
56 55 98 
76 56 99 
57 75 100 
58 57 101 
59 58 102 
80 59 103 
60 79 104 
61 60 105 
62 61 106 
84 62 107 
63 83 108 
64 63 109 
65 64 110 
88 65 111 
66 87 112 
67 66 113 
68 67 114 
92 68 115 
69 91 116 
70 69 117 
71 70 118 
72 71 119 
121 120 72 
122 121 73 
123 122 74 
124 123 75 
126 125 76 
127 126 77 
128 127 78 
129 128 79 
131 130 80 
132 131 81 
133 132 82 
134 133 83 
136 135 84 
137 136 85 
138 137 86 
139 138 87 
141 140 88 
142 141 89 
143 142 90 
144 143 91 
146 145 92 
147 146 93 
148 147 94 
149 148 95 
96 149 150 
97 96 151 
98 97 152 
99 98 153 
125 99 154 
100 124 155 
101 100 156 
102 101 157 
103 102 158 
130 103 159 
104 129 160 
105 104 161 
106 105 162 
107 106 163 
135 107 164 
108 134 165 
109 108 166 
110 109 167 
111 110 168 
140 111 169 
112 139 170 
113 112 171 
114 113 172 
115 114 173 
145 115 174 
116 144 175 
117 116 176 
118 117 177 
119 118 178 
120 119 179 
181 180 120 
182 181 121 
183 182 122 
184 183 123 
185 184 124 
187 186 125 
188 187 126 
189 188 127 
190 189 128 
191 190 129 
193 192 130 
194 193 131 
195 194 132 
196 195 133 
197 196 134 
199 198 135 
200 199 136 
201 200 137 
202 201 138 
203 202 139 
205 204 140 
206 205 141 
207 206 142 
208 207 143 
209 208 144 
211 210 145 
212 211 146 
213 212 147 
214 213 148 
215 214 149 
150 215 216 
151 150 216 
152 151 216 
153 152 216 
154 153 216 
186 154 216 
155 185 216 
156 155 216 
157 156 216 
158 157 216 
159 158 216 
192 159 216 
160 191 216 
161 160 216 
162 161 216 
163 162 216 
164 163 216 
198 164 216 
165 197 216 
166 165 216 
167 166 216 
168 167 216 
169 168 216 
204 169 216 
170 203 216 
171 170 216 
172 171 216 
173 172 216 
174 173 216 
210 174 216 
175 209 216 
176 175 216 
177 176 216 
178 177 216 
179 178 216 
180 179 216 

