31
0 0 0 0
1 0.0224202 0 0
2 0.0350049 0 0
3 0.0792713 0 0
4 0.14168 0 0
5 0.160564 0 0
6 0.195877 0 0
7 0.260476 0 0
8 0.275136 0 0
9 0.307557 0 0
10 0.347225 0 0
11 0.360669 0 0
12 0.39209 0 0
13 0.438932 0 0
14 0.447433 0 0
15 0.459003 0 0
16 0.470081 0 0
17 0.529323 0 0
18 0.575364 0 0
19 0.617453 0 0
20 0.679792 0 0
21 0.741232 0 0
22 0.770961 0 0
23 0.799173 0 0
24 0.818797 0 0
25 0.860642 0 0
26 0.88991 0 0
27 0.920884 0 0
28 0.950277 0 0
29 0.983695 0 0
30 1 0 0
31
0 3 0 0 1 
1 3 0 1 2 
2 3 0 2 3 
3 3 0 3 4 
4 3 0 4 5 
5 3 0 5 6 
6 3 0 6 7 
7 3 0 7 8 
8 3 0 8 9 
9 3 0 9 10 
10 3 0 10 11 
11 3 0 11 12 
12 3 0 12 13 
13 3 0 13 14 
14 3 0 14 15 
15 3 0 15 16 
16 3 0 16 17 
17 3 0 17 18 
18 3 0 18 19 
19 3 0 19 20 
20 3 0 20 21 
21 3 0 21 22 
22 3 0 22 23 
23 3 0 23 24 
24 3 0 24 25 
25 3 0 25 26 
26 3 0 26 27 
27 3 0 27 28 
28 3 0 28 29 
29 3 0 29 30 
30 6 0 
1 30 
2 0 
3 1 
4 2 
5 3 
6 4 
7 5 
8 6 
9 7 
10 8 
11 9 
12 10 
13 11 
14 12 
15 13 
16 14 
17 15 
18 16 
19 17 
20 18 
21 19 
22 20 
23 21 
24 22 
25 23 
26 24 
27 25 
28 26 
29 27 
30 28 

