217
0 0 0 0
1 0.125 0 0
2 0.0625 0.108253 0
3 -0.0625 0.108253 0
4 -0.125 1.53081e-17 0
5 -0.0625 -0.108253 0
6 0.0625 -0.108253 0
7 0.25 0 0
8 0.216506 0.125 0
9 0.125 0.216506 0
10 1.53081e-17 0.25 0
11 -0.125 0.216506 0
12 -0.216506 0.125 0
13 -0.25 3.06162e-17 0
14 -0.216506 -0.125 0
15 -0.125 -0.216506 0
16 -4.59243e-17 -0.25 0
17 0.125 -0.216506 0
18 0.216506 -0.125 0
19 0.375 0 0
20 0.352385 0.128258 0
21 0.287267 0.241045 0
22 0.1875 0.32476 0
23 0.0651181 0.369303 0
24 -0.0651181 0.369303 0
25 -0.1875 0.32476 0
26 -0.287267 0.241045 0
27 -0.352385 0.128258 0
28 -0.375 4.59243e-17 0
29 -0.352385 -0.128258 0
30 -0.287267 -0.241045 0
31 -0.1875 -0.32476 0
32 -0.0651181 -0.369303 0
33 0.0651181 -0.369303 0
34 0.1875 -0.32476 0
35 0.287267 -0.241045 0
36 0.352385 -0.128258 0
37 0.5 0 0
38 0.482963 0.12941 0
39 0.433013 0.25 0
40 0.353553 0.353553 0
41 0.25 0.433013 0
42 0.12941 0.482963 0
43 3.06162e-17 0.5 0
44 -0.12941 0.482963 0
45 -0.25 0.433013 0
46 -0.353553 0.353553 0
47 -0.433013 0.25 0
48 -0.482963 0.12941 0
49 -0.5 6.12323e-17 0
50 -0.482963 -0.12941 0
51 -0.433013 -0.25 0
52 -0.353553 -0.353553 0
53 -0.25 -0.433013 0
54 -0.12941 -0.482963 0
55 -9.18485e-17 -0.5 0
56 0.12941 -0.482963 0
57 0.25 -0.433013 0
58 0.353553 -0.353553 0
59 0.433013 -0.25 0
60 0.482963 -0.12941 0
61 0.625 0 0
62 0.611342 0.129945 0
63 0.570966 0.25421 0
64 0.505636 0.367366 0
65 0.418207 0.464466 0
66 0.3125 0.541266 0
67 0.193136 0.59441 0
68 0.0653303 0.621576 0
69 -0.0653303 0.621576 0
70 -0.193136 0.59441 0
71 -0.3125 0.541266 0
72 -0.418207 0.464466 0
73 -0.505636 0.367366 0
74 -0.570966 0.25421 0
75 -0.611342 0.129945 0
76 -0.625 3.54096e-16 0
77 -0.611342 -0.129945 0
78 -0.570966 -0.25421 0
79 -0.505636 -0.367366 0
80 -0.418207 -0.464466 0
81 -0.3125 -0.541266 0
82 -0.193136 -0.59441 0
83 -0.0653303 -0.621576 0
84 0.0653303 -0.621576 0
85 0.193136 -0.59441 0
86 0.3125 -0.541266 0
87 0.418207 -0.464466 0
88 0.505636 -0.367366 0
89 0.570966 -0.25421 0
90 0.611342 -0.129945 0
91 0.75 0 0
92 0.738606 0.130236 0
93 0.704769 0.256515 0
94 0.649519 0.375 0
95 0.574533 0.482091 0
96 0.482091 0.574533 0
97 0.375 0.649519 0
98 0.256515 0.704769 0
99 0.130236 0.738606 0
100 4.59243e-17 0.75 0
101 -0.130236 0.738606 0
102 -0.256515 0.704769 0
103 -0.375 0.649519 0
104 -0.482091 0.574533 0
105 -0.574533 0.482091 0
106 -0.649519 0.375 0
107 -0.704769 0.256515 0
108 -0.738606 0.130236 0
109 -0.75 9.18485e-17 0
110 -0.738606 -0.130236 0
111 -0.704769 -0.256515 0
112 -0.649519 -0.375 0
113 -0.574533 -0.482091 0
114 -0.482091 -0.574533 0
115 -0.375 -0.649519 0
116 -0.256515 -0.704769 0
117 -0.130236 -0.738606 0
118 -1.37773e-16 -0.75 0
119 0.130236 -0.738606 0
120 0.256515 -0.704769 0
121 0.375 -0.649519 0
122 0.482091 -0.574533 0
123 0.574533 -0.482091 0
124 0.649519 -0.375 0
125 0.704769 -0.256515 0
126 0.738606 -0.130236 0
127 0.875 0 0
128 0.865227 0.130412 0
129 0.836126 0.257911 0
130 0.788348 0.379648 0
131 0.722959 0.492905 0
132 0.64142 0.595151 0
133 0.545554 0.684103 0
134 0.4375 0.757772 0
135 0.319673 0.814515 0
136 0.194706 0.853062 0
137 0.0653888 0.872553 0
138 -0.0653888 0.872553 0
139 -0.194706 0.853062 0
140 -0.319673 0.814515 0
141 -0.4375 0.757772 0
142 -0.545554 0.684103 0
143 -0.64142 0.595151 0
144 -0.722959 0.492905 0
145 -0.788348 0.379648 0
146 -0.836126 0.257911 0
147 -0.865227 0.130412 0
148 -0.875 1.07157e-16 0
149 -0.865227 -0.130412 0
150 -0.836126 -0.257911 0
151 -0.788348 -0.379648 0
152 -0.722959 -0.492905 0
153 -0.64142 -0.595151 0
154 -0.545554 -0.684103 0
155 -0.4375 -0.757772 0
156 -0.319673 -0.814515 0
157 -0.194706 -0.853062 0
158 -0.0653888 -0.872553 0
159 0.0653888 -0.872553 0
160 0.194706 -0.853062 0
161 0.319673 -0.814515 0
162 0.4375 -0.757772 0
163 0.545554 -0.684103 0
164 0.64142 -0.595151 0
165 0.722959 -0.492905 0
166 0.788348 -0.379648 0
167 0.836126 -0.257911 0
168 0.865227 -0.130412 0
169 1 0 0
170 0.991445 0.130526 0
171 0.965926 0.258819 0
172 0.92388 0.382683 0
173 0.866025 0.5 0
174 0.793353 0.608761 0
175 0.707107 0.707107 0
176 0.608761 0.793353 0
177 0.5 0.866025 0
178 0.382683 0.92388 0
179 0.258819 0.965926 0
180 0.130526 0.991445 0
181 6.12323e-17 1 0
182 -0.130526 0.991445 0
183 -0.258819 0.965926 0
184 -0.382683 0.92388 0
185 -0.5 0.866025 0
186 -0.608761 0.793353 0
187 -0.707107 0.707107 0
188 -0.793353 0.608761 0
189 -0.866025 0.5 0
190 -0.92388 0.382683 0
191 -0.965926 0.258819 0
192 -0.991445 0.130526 0
193 -1 1.22465e-16 0
194 -0.991445 -0.130526 0
195 -0.965926 -0.258819 0
196 -0.92388 -0.382683 0
197 -0.866025 -0.5 0
198 -0.793353 -0.608761 0
199 -0.707107 -0.707107 0
200 -0.608761 -0.793353 0
201 -0.5 -0.866025 0
202 -0.382683 -0.92388 0
203 -0.258819 -0.965926 0
204 -0.130526 -0.991445 0
205 -1.83697e-16 -1 0
206 0.130526 -0.991445 0
207 0.258819 -0.965926 0
208 0.382683 -0.92388 0
209 0.5 -0.866025 0
210 0.608761 -0.793353 0
211 0.707107 -0.707107 0
212 0.793353 -0.608761 0
213 0.866025 -0.5 0
214 0.92388 -0.382683 0
215 0.965926 -0.258819 0
216 0.991445 -0.130526 0
385
0 4 0 0 1 2 
1 4 0 0 2 3 
2 4 0 0 3 4 
3 4 0 0 4 5 
4 4 0 0 5 6 
5 4 0 0 6 1 
6 4 0 1 2 8 
7 4 0 2 3 10 
8 4 0 3 4 12 
9 4 0 4 5 14 
10 4 0 5 6 16 
11 4 0 6 1 18 
12 4 0 7 8 1 
13 4 0 8 9 2 
14 4 0 9 10 2 
15 4 0 10 11 3 
16 4 0 11 12 3 
17 4 0 12 13 4 
18 4 0 13 14 4 
19 4 0 14 15 5 
20 4 0 15 16 5 
21 4 0 16 17 6 
22 4 0 17 18 6 
23 4 0 18 7 1 
24 4 0 7 8 20 
25 4 0 8 9 21 
26 4 0 9 10 23 
27 4 0 10 11 24 
28 4 0 11 12 26 
29 4 0 12 13 27 
30 4 0 13 14 29 
31 4 0 14 15 30 
32 4 0 15 16 32 
33 4 0 16 17 33 
34 4 0 17 18 35 
35 4 0 18 7 36 
36 4 0 19 20 7 
37 4 0 20 21 8 
38 4 0 21 22 9 
39 4 0 22 23 9 
40 4 0 23 24 10 
41 4 0 24 25 11 
42 4 0 25 26 11 
43 4 0 26 27 12 
44 4 0 27 28 13 
45 4 0 28 29 13 
46 4 0 29 30 14 
47 4 0 30 31 15 
48 4 0 31 32 15 
49 4 0 32 33 16 
50 4 0 33 34 17 
51 4 0 34 35 17 
52 4 0 35 36 18 
53 4 0 36 19 7 
54 4 0 19 20 38 
55 4 0 20 21 39 
56 4 0 21 22 40 
57 4 0 22 23 42 
58 4 0 23 24 43 
59 4 0 24 25 44 
60 4 0 25 26 46 
61 4 0 26 27 47 
62 4 0 27 28 48 
63 4 0 28 29 50 
64 4 0 29 30 51 
65 4 0 30 31 52 
66 4 0 31 32 54 
67 4 0 32 33 55 
68 4 0 33 34 56 
69 4 0 34 35 58 
70 4 0 35 36 59 
71 4 0 36 19 60 
72 4 0 37 38 19 
73 4 0 38 39 20 
74 4 0 39 40 21 
75 4 0 40 41 22 
76 4 0 41 42 22 
77 4 0 42 43 23 
78 4 0 43 44 24 
79 4 0 44 45 25 
80 4 0 45 46 25 
81 4 0 46 47 26 
82 4 0 47 48 27 
83 4 0 48 49 28 
84 4 0 49 50 28 
85 4 0 50 51 29 
86 4 0 51 52 30 
87 4 0 52 53 31 
88 4 0 53 54 31 
89 4 0 54 55 32 
90 4 0 55 56 33 
91 4 0 56 57 34 
92 4 0 57 58 34 
93 4 0 58 59 35 
94 4 0 59 60 36 
95 4 0 60 37 19 
96 4 0 37 38 62 
97 4 0 38 39 63 
98 4 0 39 40 64 
99 4 0 40 41 65 
100 4 0 41 42 67 
101 4 0 42 43 68 
102 4 0 43 44 69 
103 4 0 44 45 70 
104 4 0 45 46 72 
105 4 0 46 47 73 
106 4 0 47 48 74 
107 4 0 48 49 75 
108 4 0 49 50 77 
109 4 0 50 51 78 
110 4 0 51 52 79 
111 4 0 52 53 80 
112 4 0 53 54 82 
113 4 0 54 55 83 
114 4 0 55 56 84 
115 4 0 56 57 85 
116 4 0 57 58 87 
117 4 0 58 59 88 
118 4 0 59 60 89 
119 4 0 60 37 90 
120 4 0 61 62 37 
121 4 0 62 63 38 
122 4 0 63 64 39 
123 4 0 64 65 40 
124 4 0 65 66 41 
125 4 0 66 67 41 
126 4 0 67 68 42 
127 4 0 68 69 43 
128 4 0 69 70 44 
129 4 0 70 71 45 
130 4 0 71 72 45 
131 4 0 72 73 46 
132 4 0 73 74 47 
133 4 0 74 75 48 
134 4 0 75 76 49 
135 4 0 76 77 49 
136 4 0 77 78 50 
137 4 0 78 79 51 
138 4 0 79 80 52 
139 4 0 80 81 53 
140 4 0 81 82 53 
141 4 0 82 83 54 
142 4 0 83 84 55 
143 4 0 84 85 56 
144 4 0 85 86 57 
145 4 0 86 87 57 
146 4 0 87 88 58 
147 4 0 88 89 59 
148 4 0 89 90 60 
149 4 0 90 61 37 
150 4 0 61 62 92 
151 4 0 62 63 93 
152 4 0 63 64 94 
153 4 0 64 65 95 
154 4 0 65 66 96 
155 4 0 66 67 98 
156 4 0 67 68 99 
157 4 0 68 69 100 
158 4 0 69 70 101 
159 4 0 70 71 102 
160 4 0 71 72 104 
161 4 0 72 73 105 
162 4 0 73 74 106 
163 4 0 74 75 107 
164 4 0 75 76 108 
165 4 0 76 77 110 
166 4 0 77 78 111 
167 4 0 78 79 112 
168 4 0 79 80 113 
169 4 0 80 81 114 
170 4 0 81 82 116 
171 4 0 82 83 117 
172 4 0 83 84 118 
173 4 0 84 85 119 
174 4 0 85 86 120 
175 4 0 86 87 122 
176 4 0 87 88 123 
177 4 0 88 89 124 
178 4 0 89 90 125 
179 4 0 90 61 126 
180 4 0 91 92 61 
181 4 0 92 93 62 
182 4 0 93 94 63 
183 4 0 94 95 64 
184 4 0 95 96 65 
185 4 0 96 97 66 
186 4 0 97 98 66 
187 4 0 98 99 67 
188 4 0 99 100 68 
189 4 0 100 101 69 
190 4 0 101 102 70 
191 4 0 102 103 71 
192 4 0 103 104 71 
193 4 0 104 105 72 
194 4 0 105 106 73 
195 4 0 106 107 74 
196 4 0 107 108 75 
197 4 0 108 109 76 
198 4 0 109 110 76 
199 4 0 110 111 77 
200 4 0 111 112 78 
201 4 0 112 113 79 
202 4 0 113 114 80 
203 4 0 114 115 81 
204 4 0 115 116 81 
205 4 0 116 117 82 
206 4 0 117 118 83 
207 4 0 118 119 84 
208 4 0 119 120 85 
209 4 0 120 121 86 
210 4 0 121 122 86 
211 4 0 122 123 87 
212 4 0 123 124 88 
213 4 0 124 125 89 
214 4 0 125 126 90 
215 4 0 126 91 61 
216 4 0 91 92 128 
217 4 0 92 93 129 
218 4 0 93 94 130 
219 4 0 94 95 131 
220 4 0 95 96 132 
221 4 0 96 97 133 
222 4 0 97 98 135 
223 4 0 98 99 136 
224 4 0 99 100 137 
225 4 0 100 101 138 
226 4 0 101 102 139 
227 4 0 102 103 140 
228 4 0 103 104 142 
229 4 0 104 105 143 
230 4 0 105 106 144 
231 4 0 106 107 145 
232 4 0 107 108 146 
233 4 0 108 109 147 
234 4 0 109 110 149 
235 4 0 110 111 150 
236 4 0 111 112 151 
237 4 0 112 113 152 
238 4 0 113 114 153 
239 4 0 114 115 154 
240 4 0 115 116 156 
241 4 0 116 117 157 
242 4 0 117 118 158 
243 4 0 118 119 159 
244 4 0 119 120 160 
245 4 0 120 121 161 
246 4 0 121 122 163 
247 4 0 122 123 164 
248 4 0 123 124 165 
249 4 0 124 125 166 
250 4 0 125 126 167 
251 4 0 126 91 168 
252 4 0 127 128 91 
253 4 0 128 129 92 
254 4 0 129 130 93 
255 4 0 130 131 94 
256 4 0 131 132 95 
257 4 0 132 133 96 
258 4 0 133 134 97 
259 4 0 134 135 97 
260 4 0 135 136 98 
261 4 0 136 137 99 
262 4 0 137 138 100 
263 4 0 138 139 101 
264 4 0 139 140 102 
265 4 0 140 141 103 
266 4 0 141 142 103 
267 4 0 142 143 104 
268 4 0 143 144 105 
269 4 0 144 145 106 
270 4 0 145 146 107 
271 4 0 146 147 108 
272 4 0 147 148 109 
273 4 0 148 149 109 
274 4 0 149 150 110 
275 4 0 150 151 111 
276 4 0 151 152 112 
277 4 0 152 153 113 
278 4 0 153 154 114 
279 4 0 154 155 115 
280 4 0 155 156 115 
281 4 0 156 157 116 
282 4 0 157 158 117 
283 4 0 158 159 118 
284 4 0 159 160 119 
285 4 0 160 161 120 
286 4 0 161 162 121 
287 4 0 162 163 121 
288 4 0 163 164 122 
289 4 0 164 165 123 
290 4 0 165 166 124 
291 4 0 166 167 125 
292 4 0 167 168 126 
293 4 0 168 127 91 
294 4 0 127 128 170 
295 4 0 128 129 171 
296 4 0 129 130 172 
297 4 0 130 131 173 
298 4 0 131 132 174 
299 4 0 132 133 175 
300 4 0 133 134 176 
301 4 0 134 135 178 
302 4 0 135 136 179 
303 4 0 136 137 180 
304 4 0 137 138 181 
305 4 0 138 139 182 
306 4 0 139 140 183 
307 4 0 140 141 184 
308 4 0 141 142 186 
309 4 0 142 143 187 
310 4 0 143 144 188 
311 4 0 144 145 189 
312 4 0 145 146 190 
313 4 0 146 147 191 
314 4 0 147 148 192 
315 4 0 148 149 194 
316 4 0 149 150 195 
317 4 0 150 151 196 
318 4 0 151 152 197 
319 4 0 152 153 198 
320 4 0 153 154 199 
321 4 0 154 155 200 
322 4 0 155 156 202 
323 4 0 156 157 203 
324 4 0 157 158 204 
325 4 0 158 159 205 
326 4 0 159 160 206 
327 4 0 160 161 207 
328 4 0 161 162 208 
329 4 0 162 163 210 
330 4 0 163 164 211 
331 4 0 164 165 212 
332 4 0 165 166 213 
333 4 0 166 167 214 
334 4 0 167 168 215 
335 4 0 168 127 216 
336 4 0 169 170 127 
337 4 0 170 171 128 
338 4 0 171 172 129 
339 4 0 172 173 130 
340 4 0 173 174 131 
341 4 0 174 175 132 
342 4 0 175 176 133 
343 4 0 176 177 134 
344 4 0 177 178 134 
345 4 0 178 179 135 
346 4 0 179 180 136 
347 4 0 180 181 137 
348 4 0 181 182 138 
349 4 0 182 183 139 
350 4 0 183 184 140 
351 4 0 184 185 141 
352 4 0 185 186 141 
353 4 0 186 187 142 
354 4 0 187 188 143 
355 4 0 188 189 144 
356 4 0 189 190 145 
357 4 0 190 191 146 
358 4 0 191 192 147 
359 4 0 192 193 148 
360 4 0 193 194 148 
361 4 0 194 195 149 
362 4 0 195 196 150 
363 4 0 196 197 151 
364 4 0 197 198 152 
365 4 0 198 199 153 
366 4 0 199 200 154 
367 4 0 200 201 155 
368 4 0 201 202 155 
369 4 0 202 203 156 
370 4 0 203 204 157 
371 4 0 204 205 158 
372 4 0 205 206 159 
373 4 0 206 207 160 
374 4 0 207 208 161 
375 4 0 208 209 162 
376 4 0 209 210 162 
377 4 0 210 211 163 
378 4 0 211 212 164 
379 4 0 212 213 165 
380 4 0 213 214 166 
381 4 0 214 215 167 
382 4 0 215 216 168 
383 4 0 216 169 127 
384 6 -1 
6 1 5 
7 2 0 
8 3 1 
9 4 2 
10 5 3 
11 0 4 
13 12 0 
15 14 1 
17 16 2 
19 18 3 
21 20 4 
23 22 5 
6 23 24 
14 6 25 
7 13 26 
16 7 27 
8 15 28 
18 8 29 
9 17 30 
20 9 31 
10 19 32 
22 10 33 
11 21 34 
12 11 35 
37 36 12 
38 37 13 
40 39 14 
41 40 15 
43 42 16 
44 43 17 
46 45 18 
47 46 19 
49 48 20 
50 49 21 
52 51 22 
53 52 23 
24 53 54 
25 24 55 
39 25 56 
26 38 57 
27 26 58 
42 27 59 
28 41 60 
29 28 61 
45 29 62 
30 44 63 
31 30 64 
48 31 65 
32 47 66 
33 32 67 
51 33 68 
34 50 69 
35 34 70 
36 35 71 
73 72 36 
74 73 37 
75 74 38 
77 76 39 
78 77 40 
79 78 41 
81 80 42 
82 81 43 
83 82 44 
85 84 45 
86 85 46 
87 86 47 
89 88 48 
90 89 49 
91 90 50 
93 92 51 
94 93 52 
95 94 53 
54 95 96 
55 54 97 
56 55 98 
76 56 99 
57 75 100 
58 57 101 
59 58 102 
80 59 103 
60 79 104 
61 60 105 
62 61 106 
84 62 107 
63 83 108 
64 63 109 
65 64 110 
88 65 111 
66 87 112 
67 66 113 
68 67 114 
92 68 115 
69 91 116 
70 69 117 
71 70 118 
72 71 119 
121 120 72 
122 121 73 
123 122 74 
124 123 75 
126 125 76 
127 126 77 
128 127 78 
129 128 79 
131 130 80 
132 131 81 
133 132 82 
134 133 83 
136 135 84 
137 136 85 
138 137 86 
139 138 87 
141 140 88 
142 141 89 
143 142 90 
144 143 91 
146 145 92 
147 146 93 
148 147 94 
149 148 95 
96 149 150 
97 96 151 
98 97 152 
99 98 153 
125 99 154 
100 124 155 
101 100 156 
102 101 157 
103 102 158 
130 103 159 
104 129 160 
105 104 161 
106 105 162 
107 106 163 
135 107 164 
108 134 165 
109 108 166 
110 109 167 
111 110 168 
140 111 169 
112 139 170 
113 112 171 
114 113 172 
115 114 173 
145 115 174 
116 144 175 
117 116 176 
118 117 177 
119 118 178 
120 119 179 
181 180 120 
182 181 121 
183 182 122 
184 183 123 
185 184 124 
187 186 125 
188 187 126 
189 188 127 
190 189 128 
191 190 129 
193 192 130 
194 193 131 
195 194 132 
196 195 133 
197 196 134 
199 198 135 
200 199 136 
201 200 137 
202 201 138 
203 202 139 
205 204 140 
206 205 141 
207 206 142 
208 207 143 
209 208 144 
211 210 145 
212 211 146 
213 212 147 
214 213 148 
215 214 149 
150 215 216 
151 150 217 
152 151 218 
153 152 219 
154 153 220 
186 154 221 
155 185 222 
156 155 223 
157 156 224 
158 157 225 
159 158 226 
192 159 227 
160 191 228 
161 160 229 
162 161 230 
163 162 231 
164 163 232 
198 164 233 
165 197 234 
166 165 235 
167 166 236 
168 167 237 
169 168 238 
204 169 239 
170 203 240 
171 170 241 
172 171 242 
173 172 243 
174 173 244 
210 174 245 
175 209 246 
176 175 247 
177 176 248 
178 177 249 
179 178 250 
180 179 251 
253 252 180 
254 253 181 
255 254 182 
256 255 183 
257 256 184 
258 257 185 
260 259 186 
261 260 187 
262 261 188 
263 262 189 
264 263 190 
265 264 191 
267 266 192 
268 267 193 
269 268 194 
270 269 195 
271 270 196 
272 271 197 
274 273 198 
275 274 199 
276 275 200 
277 276 201 
278 277 202 
279 278 203 
281 280 204 
282 281 205 
283 282 206 
284 283 207 
285 284 208 
286 285 209 
288 287 210 
289 288 211 
290 289 212 
291 290 213 
292 291 214 
293 292 215 
216 293 294 
217 216 295 
218 217 296 
219 218 297 
220 219 298 
221 220 299 
259 221 300 
222 258 301 
223 222 302 
224 223 303 
225 224 304 
226 225 305 
227 226 306 
266 227 307 
228 265 308 
229 228 309 
230 229 310 
231 230 311 
232 231 312 
233 232 313 
273 233 314 
234 272 315 
235 234 316 
236 235 317 
237 236 318 
238 237 319 
239 238 320 
280 239 321 
240 279 322 
241 240 323 
242 241 324 
243 242 325 
244 243 326 
245 244 327 
287 245 328 
246 286 329 
247 246 330 
248 247 331 
249 248 332 
250 249 333 
251 250 334 
252 251 335 
337 336 252 
338 337 253 
339 338 254 
340 339 255 
341 340 256 
342 341 257 
343 342 258 
345 344 259 
346 345 260 
347 346 261 
348 347 262 
349 348 263 
350 349 264 
351 350 265 
353 352 266 
354 353 267 
355 354 268 
356 355 269 
357 356 270 
358 357 271 
359 358 272 
361 360 273 
362 361 274 
363 362 275 
364 363 276 
365 364 277 
366 365 278 
367 366 279 
369 368 280 
370 369 281 
371 370 282 
372 371 283 
373 372 284 
374 373 285 
375 374 286 
377 376 287 
378 377 288 
379 378 289 
380 379 290 
381 380 291 
382 381 292 
383 382 293 
294 383 384 
295 294 384 
296 295 384 
297 296 384 
298 297 384 
299 298 384 
300 299 384 
344 300 384 
301 343 384 
302 301 384 
303 302 384 
304 303 384 
305 304 384 
306 305 384 
307 306 384 
352 307 384 
308 351 384 
309 308 384 
310 309 384 
311 310 384 
312 311 384 
313 312 384 
314 313 384 
360 314 384 
315 359 384 
316 315 384 
317 316 384 
318 317 384 
319 318 384 
320 319 384 
321 320 384 
368 321 384 
322 367 384 
323 322 384 
324 323 384 
325 324 384 
326 325 384 
327 326 384 
328 327 384 
376 328 384 
329 375 384 
330 329 384 
331 330 384 
332 331 384 
333 332 384 
334 333 384 
335 334 384 
336 335 384 

