631
0 0 0 0
1 0.0714286 0 0
2 0.0357143 0.061859 0
3 -0.0357143 0.061859 0
4 -0.0714286 8.74748e-18 0
5 -0.0357143 -0.061859 0
6 0.0357143 -0.061859 0
7 0.142857 0 0
8 0.123718 0.0714286 0
9 0.0714286 0.123718 0
10 8.74748e-18 0.142857 0
11 -0.0714286 0.123718 0
12 -0.123718 0.0714286 0
13 -0.142857 1.7495e-17 0
14 -0.123718 -0.0714286 0
15 -0.0714286 -0.123718 0
16 -2.62424e-17 -0.142857 0
17 0.0714286 -0.123718 0
18 0.123718 -0.0714286 0
19 0.214286 0 0
20 0.201363 0.07329 0
21 0.164152 0.13774 0
22 0.107143 0.185577 0
23 0.0372103 0.21103 0
24 -0.0372103 0.21103 0
25 -0.107143 0.185577 0
26 -0.164152 0.13774 0
27 -0.201363 0.07329 0
28 -0.214286 2.62424e-17 0
29 -0.201363 -0.07329 0
30 -0.164152 -0.13774 0
31 -0.107143 -0.185577 0
32 -0.0372103 -0.21103 0
33 0.0372103 -0.21103 0
34 0.107143 -0.185577 0
35 0.164152 -0.13774 0
36 0.201363 -0.07329 0
37 0.285714 0 0
38 0.275979 0.0739483 0
39 0.247436 0.142857 0
40 0.202031 0.202031 0
41 0.142857 0.247436 0
42 0.0739483 0.275979 0
43 1.7495e-17 0.285714 0
44 -0.0739483 0.275979 0
45 -0.142857 0.247436 0
46 -0.202031 0.202031 0
47 -0.247436 0.142857 0
48 -0.275979 0.0739483 0
49 -0.285714 3.49899e-17 0
50 -0.275979 -0.0739483 0
51 -0.247436 -0.142857 0
52 -0.202031 -0.202031 0
53 -0.142857 -0.247436 0
54 -0.0739483 -0.275979 0
55 -5.24849e-17 -0.285714 0
56 0.0739483 -0.275979 0
57 0.142857 -0.247436 0
58 0.202031 -0.202031 0
59 0.247436 -0.142857 0
60 0.275979 -0.0739483 0
61 0.357143 0 0
62 0.349338 0.0742542 0
63 0.326266 0.145263 0
64 0.288935 0.209923 0
65 0.238975 0.265409 0
66 0.178571 0.309295 0
67 0.110363 0.339663 0
68 0.0373316 0.355186 0
69 -0.0373316 0.355186 0
70 -0.110363 0.339663 0
71 -0.178571 0.309295 0
72 -0.238975 0.265409 0
73 -0.288935 0.209923 0
74 -0.326266 0.145263 0
75 -0.349338 0.0742542 0
76 -0.357143 2.02341e-16 0
77 -0.349338 -0.0742542 0
78 -0.326266 -0.145263 0
79 -0.288935 -0.209923 0
80 -0.238975 -0.265409 0
81 -0.178571 -0.309295 0
82 -0.110363 -0.339663 0
83 -0.0373316 -0.355186 0
84 0.0373316 -0.355186 0
85 0.110363 -0.339663 0
86 0.178571 -0.309295 0
87 0.238975 -0.265409 0
88 0.288935 -0.209923 0
89 0.326266 -0.145263 0
90 0.349338 -0.0742542 0
91 0.428571 0 0
92 0.42206 0.0744206 0
93 0.402725 0.14658 0
94 0.371154 0.214286 0
95 0.328305 0.27548 0
96 0.27548 0.328305 0
97 0.214286 0.371154 0
98 0.14658 0.402725 0
99 0.0744206 0.42206 0
100 2.62424e-17 0.428571 0
101 -0.0744206 0.42206 0
102 -0.14658 0.402725 0
103 -0.214286 0.371154 0
104 -0.27548 0.328305 0
105 -0.328305 0.27548 0
106 -0.371154 0.214286 0
107 -0.402725 0.14658 0
108 -0.42206 0.0744206 0
109 -0.428571 5.24849e-17 0
110 -0.42206 -0.0744206 0
111 -0.402725 -0.14658 0
112 -0.371154 -0.214286 0
113 -0.328305 -0.27548 0
114 -0.27548 -0.328305 0
115 -0.214286 -0.371154 0
116 -0.14658 -0.402725 0
117 -0.0744206 -0.42206 0
118 -7.87273e-17 -0.428571 0
119 0.0744206 -0.42206 0
120 0.14658 -0.402725 0
121 0.214286 -0.371154 0
122 0.27548 -0.328305 0
123 0.328305 -0.27548 0
124 0.371154 -0.214286 0
125 0.402725 -0.14658 0
126 0.42206 -0.0744206 0
127 0.5 0 0
128 0.494415 0.0745211 0
129 0.477786 0.147378 0
130 0.450484 0.216942 0
131 0.413119 0.28166 0
132 0.366526 0.340086 0
133 0.311745 0.390916 0
134 0.25 0.433013 0
135 0.182671 0.465437 0
136 0.11126 0.487464 0
137 0.037365 0.498602 0
138 -0.037365 0.498602 0
139 -0.11126 0.487464 0
140 -0.182671 0.465437 0
141 -0.25 0.433013 0
142 -0.311745 0.390916 0
143 -0.366526 0.340086 0
144 -0.413119 0.28166 0
145 -0.450484 0.216942 0
146 -0.477786 0.147378 0
147 -0.494415 0.0745211 0
148 -0.5 6.12323e-17 0
149 -0.494415 -0.0745211 0
150 -0.477786 -0.147378 0
151 -0.450484 -0.216942 0
152 -0.413119 -0.28166 0
153 -0.366526 -0.340086 0
154 -0.311745 -0.390916 0
155 -0.25 -0.433013 0
156 -0.182671 -0.465437 0
157 -0.11126 -0.487464 0
158 -0.037365 -0.498602 0
159 0.037365 -0.498602 0
160 0.11126 -0.487464 0
161 0.182671 -0.465437 0
162 0.25 -0.433013 0
163 0.311745 -0.390916 0
164 0.366526 -0.340086 0
165 0.413119 -0.28166 0
166 0.450484 -0.216942 0
167 0.477786 -0.147378 0
168 0.494415 -0.0745211 0
169 0.571429 0 0
170 0.56654 0.0745864 0
171 0.551958 0.147897 0
172 0.527931 0.218676 0
173 0.494872 0.285714 0
174 0.453345 0.347864 0
175 0.404061 0.404061 0
176 0.347864 0.453345 0
177 0.285714 0.494872 0
178 0.218676 0.527931 0
179 0.147897 0.551958 0
180 0.0745864 0.56654 0
181 3.49899e-17 0.571429 0
182 -0.0745864 0.56654 0
183 -0.147897 0.551958 0
184 -0.218676 0.527931 0
185 -0.285714 0.494872 0
186 -0.347864 0.453345 0
187 -0.404061 0.404061 0
188 -0.453345 0.347864 0
189 -0.494872 0.285714 0
190 -0.527931 0.218676 0
191 -0.551958 0.147897 0
192 -0.56654 0.0745864 0
193 -0.571429 6.99798e-17 0
194 -0.56654 -0.0745864 0
195 -0.551958 -0.147897 0
196 -0.527931 -0.218676 0
197 -0.494872 -0.285714 0
198 -0.453345 -0.347864 0
199 -0.404061 -0.404061 0
200 -0.347864 -0.453345 0
201 -0.285714 -0.494872 0
202 -0.218676 -0.527931 0
203 -0.147897 -0.551958 0
204 -0.0745864 -0.56654 0
205 -1.0497e-16 -0.571429 0
206 0.0745864 -0.56654 0
207 0.147897 -0.551958 0
208 0.218676 -0.527931 0
209 0.285714 -0.494872 0
210 0.347864 -0.453345 0
211 0.404061 -0.404061 0
212 0.453345 -0.347864 0
213 0.494872 -0.285714 0
214 0.527931 -0.218676 0
215 0.551958 -0.147897 0
216 0.56654 -0.0745864 0
217 0.642857 0 0
218 0.63851 0.0746312 0
219 0.625529 0.148253 0
220 0.604088 0.21987 0
221 0.574478 0.288514 0
222 0.537099 0.353256 0
223 0.492457 0.413221 0
224 0.441155 0.467597 0
225 0.383888 0.515651 0
226 0.321429 0.556731 0
227 0.254623 0.590282 0
228 0.184374 0.61585 0
229 0.111631 0.633091 0
230 0.0373788 0.64177 0
231 -0.0373788 0.64177 0
232 -0.111631 0.633091 0
233 -0.184374 0.61585 0
234 -0.254623 0.590282 0
235 -0.321429 0.556731 0
236 -0.383888 0.515651 0
237 -0.441155 0.467597 0
238 -0.492457 0.413221 0
239 -0.537099 0.353256 0
240 -0.574478 0.288514 0
241 -0.604088 0.21987 0
242 -0.625529 0.148253 0
243 -0.63851 0.0746312 0
244 -0.642857 7.87273e-17 0
245 -0.63851 -0.0746312 0
246 -0.625529 -0.148253 0
247 -0.604088 -0.21987 0
248 -0.574478 -0.288514 0
249 -0.537099 -0.353256 0
250 -0.492457 -0.413221 0
251 -0.441155 -0.467597 0
252 -0.383888 -0.515651 0
253 -0.321429 -0.556731 0
254 -0.254623 -0.590282 0
255 -0.184374 -0.61585 0
256 -0.111631 -0.633091 0
257 -0.0373788 -0.64177 0
258 0.0373788 -0.64177 0
259 0.111631 -0.633091 0
260 0.184374 -0.61585 0
261 0.254623 -0.590282 0
262 0.321429 -0.556731 0
263 0.383888 -0.515651 0
264 0.441155 -0.467597 0
265 0.492457 -0.413221 0
266 0.537099 -0.353256 0
267 0.574478 -0.288514 0
268 0.604088 -0.21987 0
269 0.625529 -0.148253 0
270 0.63851 -0.0746312 0
271 0.714286 0 0
272 0.710373 0.0746632 0
273 0.698677 0.148508 0
274 0.679326 0.220726 0
275 0.652532 0.290526 0
276 0.61859 0.357143 0
277 0.577869 0.419847 0
278 0.530818 0.47795 0
279 0.47795 0.530818 0
280 0.419847 0.577869 0
281 0.357143 0.61859 0
282 0.290526 0.652532 0
283 0.220726 0.679326 0
284 0.148508 0.698677 0
285 0.0746632 0.710373 0
286 2.02341e-16 0.714286 0
287 -0.0746632 0.710373 0
288 -0.148508 0.698677 0
289 -0.220726 0.679326 0
290 -0.290526 0.652532 0
291 -0.357143 0.61859 0
292 -0.419847 0.577869 0
293 -0.47795 0.530818 0
294 -0.530818 0.47795 0
295 -0.577869 0.419847 0
296 -0.61859 0.357143 0
297 -0.652532 0.290526 0
298 -0.679326 0.220726 0
299 -0.698677 0.148508 0
300 -0.710373 0.0746632 0
301 -0.714286 4.04681e-16 0
302 -0.710373 -0.0746632 0
303 -0.698677 -0.148508 0
304 -0.679326 -0.220726 0
305 -0.652532 -0.290526 0
306 -0.61859 -0.357143 0
307 -0.577869 -0.419847 0
308 -0.530818 -0.47795 0
309 -0.47795 -0.530818 0
310 -0.419847 -0.577869 0
311 -0.357143 -0.61859 0
312 -0.290526 -0.652532 0
313 -0.220726 -0.679326 0
314 -0.148508 -0.698677 0
315 -0.0746632 -0.710373 0
316 -1.31212e-16 -0.714286 0
317 0.0746632 -0.710373 0
318 0.148508 -0.698677 0
319 0.220726 -0.679326 0
320 0.290526 -0.652532 0
321 0.357143 -0.61859 0
322 0.419847 -0.577869 0
323 0.47795 -0.530818 0
324 0.530818 -0.47795 0
325 0.577869 -0.419847 0
326 0.61859 -0.357143 0
327 0.652532 -0.290526 0
328 0.679326 -0.220726 0
329 0.698677 -0.148508 0
330 0.710373 -0.0746632 0
331 0.785714 0 0
332 0.782157 0.0746869 0
333 0.771515 0.148697 0
334 0.753887 0.221361 0
335 0.729432 0.292021 0
336 0.698371 0.360035 0
337 0.660985 0.424789 0
338 0.617613 0.485696 0
339 0.568648 0.542205 0
340 0.514533 0.593803 0
341 0.455759 0.640024 0
342 0.392857 0.680449 0
343 0.326398 0.714711 0
344 0.256982 0.742501 0
345 0.185239 0.763566 0
346 0.111819 0.777717 0
347 0.0373858 0.784824 0
348 -0.0373858 0.784824 0
349 -0.111819 0.777717 0
350 -0.185239 0.763566 0
351 -0.256982 0.742501 0
352 -0.326398 0.714711 0
353 -0.392857 0.680449 0
354 -0.455759 0.640024 0
355 -0.514533 0.593803 0
356 -0.568648 0.542205 0
357 -0.617613 0.485696 0
358 -0.660985 0.424789 0
359 -0.698371 0.360035 0
360 -0.729432 0.292021 0
361 -0.753887 0.221361 0
362 -0.771515 0.148697 0
363 -0.782157 0.0746869 0
364 -0.785714 9.62222e-17 0
365 -0.782157 -0.0746869 0
366 -0.771515 -0.148697 0
367 -0.753887 -0.221361 0
368 -0.729432 -0.292021 0
369 -0.698371 -0.360035 0
370 -0.660985 -0.424789 0
371 -0.617613 -0.485696 0
372 -0.568648 -0.542205 0
373 -0.514533 -0.593803 0
374 -0.455759 -0.640024 0
375 -0.392857 -0.680449 0
376 -0.326398 -0.714711 0
377 -0.256982 -0.742501 0
378 -0.185239 -0.763566 0
379 -0.111819 -0.777717 0
380 -0.0373858 -0.784824 0
381 0.0373858 -0.784824 0
382 0.111819 -0.777717 0
383 0.185239 -0.763566 0
384 0.256982 -0.742501 0
385 0.326398 -0.714711 0
386 0.392857 -0.680449 0
387 0.455759 -0.640024 0
388 0.514533 -0.593803 0
389 0.568648 -0.542205 0
390 0.617613 -0.485696 0
391 0.660985 -0.424789 0
392 0.698371 -0.360035 0
393 0.729432 -0.292021 0
394 0.753887 -0.221361 0
395 0.771515 -0.148697 0
396 0.782157 -0.0746869 0
397 0.857143 0 0
398 0.853881 0.0747049 0
399 0.844121 0.148841 0
400 0.827936 0.221845 0
401 0.805451 0.29316 0
402 0.776835 0.362244 0
403 0.742307 0.428571 0
404 0.70213 0.491637 0
405 0.65661 0.550961 0
406 0.606092 0.606092 0
407 0.550961 0.65661 0
408 0.491637 0.70213 0
409 0.428571 0.742307 0
410 0.362244 0.776835 0
411 0.29316 0.805451 0
412 0.221845 0.827936 0
413 0.148841 0.844121 0
414 0.0747049 0.853881 0
415 5.24849e-17 0.857143 0
416 -0.0747049 0.853881 0
417 -0.148841 0.844121 0
418 -0.221845 0.827936 0
419 -0.29316 0.805451 0
420 -0.362244 0.776835 0
421 -0.428571 0.742307 0
422 -0.491637 0.70213 0
423 -0.550961 0.65661 0
424 -0.606092 0.606092 0
425 -0.65661 0.550961 0
426 -0.70213 0.491637 0
427 -0.742307 0.428571 0
428 -0.776835 0.362244 0
429 -0.805451 0.29316 0
430 -0.827936 0.221845 0
431 -0.844121 0.148841 0
432 -0.853881 0.0747049 0
433 -0.857143 1.0497e-16 0
434 -0.853881 -0.0747049 0
435 -0.844121 -0.148841 0
436 -0.827936 -0.221845 0
437 -0.805451 -0.29316 0
438 -0.776835 -0.362244 0
439 -0.742307 -0.428571 0
440 -0.70213 -0.491637 0
441 -0.65661 -0.550961 0
442 -0.606092 -0.606092 0
443 -0.550961 -0.65661 0
444 -0.491637 -0.70213 0
445 -0.428571 -0.742307 0
446 -0.362244 -0.776835 0
447 -0.29316 -0.805451 0
448 -0.221845 -0.827936 0
449 -0.148841 -0.844121 0
450 -0.0747049 -0.853881 0
451 -1.57455e-16 -0.857143 0
452 0.0747049 -0.853881 0
453 0.148841 -0.844121 0
454 0.221845 -0.827936 0
455 0.29316 -0.805451 0
456 0.362244 -0.776835 0
457 0.428571 -0.742307 0
458 0.491637 -0.70213 0
459 0.550961 -0.65661 0
460 0.606092 -0.606092 0
461 0.65661 -0.550961 0
462 0.70213 -0.491637 0
463 0.742307 -0.428571 0
464 0.776835 -0.362244 0
465 0.805451 -0.29316 0
466 0.827936 -0.221845 0
467 0.844121 -0.148841 0
468 0.853881 -0.0747049 0
469 0.928571 0 0
470 0.92556 0.074719 0
471 0.916547 0.148953 0
472 0.901589 0.222222 0
473 0.880784 0.294049 0
474 0.854267 0.363969 0
475 0.822209 0.431529 0
476 0.784819 0.49629 0
477 0.74234 0.557832 0
478 0.695046 0.615757 0
479 0.643244 0.669688 0
480 0.587271 0.719276 0
481 0.527489 0.764199 0
482 0.464286 0.804166 0
483 0.398072 0.838918 0
484 0.329276 0.868229 0
485 0.258345 0.89191 0
486 0.185738 0.909806 0
487 0.111927 0.921801 0
488 0.0373898 0.927818 0
489 -0.0373898 0.927818 0
490 -0.111927 0.921801 0
491 -0.185738 0.909806 0
492 -0.258345 0.89191 0
493 -0.329276 0.868229 0
494 -0.398072 0.838918 0
495 -0.464286 0.804166 0
496 -0.527489 0.764199 0
497 -0.587271 0.719276 0
498 -0.643244 0.669688 0
499 -0.695046 0.615757 0
500 -0.74234 0.557832 0
501 -0.784819 0.49629 0
502 -0.822209 0.431529 0
503 -0.854267 0.363969 0
504 -0.880784 0.294049 0
505 -0.901589 0.222222 0
506 -0.916547 0.148953 0
507 -0.92556 0.074719 0
508 -0.928571 1.13717e-16 0
509 -0.92556 -0.074719 0
510 -0.916547 -0.148953 0
511 -0.901589 -0.222222 0
512 -0.880784 -0.294049 0
513 -0.854267 -0.363969 0
514 -0.822209 -0.431529 0
515 -0.784819 -0.49629 0
516 -0.74234 -0.557832 0
517 -0.695046 -0.615757 0
518 -0.643244 -0.669688 0
519 -0.587271 -0.719276 0
520 -0.527489 -0.764199 0
521 -0.464286 -0.804166 0
522 -0.398072 -0.838918 0
523 -0.329276 -0.868229 0
524 -0.258345 -0.89191 0
525 -0.185738 -0.909806 0
526 -0.111927 -0.921801 0
527 -0.0373898 -0.927818 0
528 0.0373898 -0.927818 0
529 0.111927 -0.921801 0
530 0.185738 -0.909806 0
531 0.258345 -0.89191 0
532 0.329276 -0.868229 0
533 0.398072 -0.838918 0
534 0.464286 -0.804166 0
535 0.527489 -0.764199 0
536 0.587271 -0.719276 0
537 0.643244 -0.669688 0
538 0.695046 -0.615757 0
539 0.74234 -0.557832 0
540 0.784819 -0.49629 0
541 0.822209 -0.431529 0
542 0.854267 -0.363969 0
543 0.880784 -0.294049 0
544 0.901589 -0.222222 0
545 0.916547 -0.148953 0
546 0.92556 -0.074719 0
547 1 0 0
548 0.997204 0.0747301 0
549 0.988831 0.149042 0
550 0.974928 0.222521 0
551 0.955573 0.294755 0
552 0.930874 0.365341 0
553 0.900969 0.433884 0
554 0.866025 0.5 0
555 0.826239 0.56332 0
556 0.781831 0.62349 0
557 0.733052 0.680173 0
558 0.680173 0.733052 0
559 0.62349 0.781831 0
560 0.56332 0.826239 0
561 0.5 0.866025 0
562 0.433884 0.900969 0
563 0.365341 0.930874 0
564 0.294755 0.955573 0
565 0.222521 0.974928 0
566 0.149042 0.988831 0
567 0.0747301 0.997204 0
568 6.12323e-17 1 0
569 -0.0747301 0.997204 0
570 -0.149042 0.988831 0
571 -0.222521 0.974928 0
572 -0.294755 0.955573 0
573 -0.365341 0.930874 0
574 -0.433884 0.900969 0
575 -0.5 0.866025 0
576 -0.56332 0.826239 0
577 -0.62349 0.781831 0
578 -0.680173 0.733052 0
579 -0.733052 0.680173 0
580 -0.781831 0.62349 0
581 -0.826239 0.56332 0
582 -0.866025 0.5 0
583 -0.900969 0.433884 0
584 -0.930874 0.365341 0
585 -0.955573 0.294755 0
586 -0.974928 0.222521 0
587 -0.988831 0.149042 0
588 -0.997204 0.0747301 0
589 -1 1.22465e-16 0
590 -0.997204 -0.0747301 0
591 -0.988831 -0.149042 0
592 -0.974928 -0.222521 0
593 -0.955573 -0.294755 0
594 -0.930874 -0.365341 0
595 -0.900969 -0.433884 0
596 -0.866025 -0.5 0
597 -0.826239 -0.56332 0
598 -0.781831 -0.62349 0
599 -0.733052 -0.680173 0
600 -0.680173 -0.733052 0
601 -0.62349 -0.781831 0
602 -0.56332 -0.826239 0
603 -0.5 -0.866025 0
604 -0.433884 -0.900969 0
605 -0.365341 -0.930874 0
606 -0.294755 -0.955573 0
607 -0.222521 -0.974928 0
608 -0.149042 -0.988831 0
609 -0.0747301 -0.997204 0
610 -1.83697e-16 -1 0
611 0.0747301 -0.997204 0
612 0.149042 -0.988831 0
613 0.222521 -0.974928 0
614 0.294755 -0.955573 0
615 0.365341 -0.930874 0
616 0.433884 -0.900969 0
617 0.5 -0.866025 0
618 0.56332 -0.826239 0
619 0.62349 -0.781831 0
620 0.680173 -0.733052 0
621 0.733052 -0.680173 0
622 0.781831 -0.62349 0
623 0.826239 -0.56332 0
624 0.866025 -0.5 0
625 0.900969 -0.433884 0
626 0.930874 -0.365341 0
627 0.955573 -0.294755 0
628 0.974928 -0.222521 0
629 0.988831 -0.149042 0
630 0.997204 -0.0747301 0
1177
0 4 0 0 1 2 
1 4 0 0 2 3 
2 4 0 0 3 4 
3 4 0 0 4 5 
4 4 0 0 5 6 
5 4 0 0 6 1 
6 4 0 1 2 8 
7 4 0 2 3 10 
8 4 0 3 4 12 
9 4 0 4 5 14 
10 4 0 5 6 16 
11 4 0 6 1 18 
12 4 0 7 8 1 
13 4 0 8 9 2 
14 4 0 9 10 2 
15 4 0 10 11 3 
16 4 0 11 12 3 
17 4 0 12 13 4 
18 4 0 13 14 4 
19 4 0 14 15 5 
20 4 0 15 16 5 
21 4 0 16 17 6 
22 4 0 17 18 6 
23 4 0 18 7 1 
24 4 0 7 8 20 
25 4 0 8 9 21 
26 4 0 9 10 23 
27 4 0 10 11 24 
28 4 0 11 12 26 
29 4 0 12 13 27 
30 4 0 13 14 29 
31 4 0 14 15 30 
32 4 0 15 16 32 
33 4 0 16 17 33 
34 4 0 17 18 35 
35 4 0 18 7 36 
36 4 0 19 20 7 
37 4 0 20 21 8 
38 4 0 21 22 9 
39 4 0 22 23 9 
40 4 0 23 24 10 
41 4 0 24 25 11 
42 4 0 25 26 11 
43 4 0 26 27 12 
44 4 0 27 28 13 
45 4 0 28 29 13 
46 4 0 29 30 14 
47 4 0 30 31 15 
48 4 0 31 32 15 
49 4 0 32 33 16 
50 4 0 33 34 17 
51 4 0 34 35 17 
52 4 0 35 36 18 
53 4 0 36 19 7 
54 4 0 19 20 38 
55 4 0 20 21 39 
56 4 0 21 22 40 
57 4 0 22 23 42 
58 4 0 23 24 43 
59 4 0 24 25 44 
60 4 0 25 26 46 
61 4 0 26 27 47 
62 4 0 27 28 48 
63 4 0 28 29 50 
64 4 0 29 30 51 
65 4 0 30 31 52 
66 4 0 31 32 54 
67 4 0 32 33 55 
68 4 0 33 34 56 
69 4 0 34 35 58 
70 4 0 35 36 59 
71 4 0 36 19 60 
72 4 0 37 38 19 
73 4 0 38 39 20 
74 4 0 39 40 21 
75 4 0 40 41 22 
76 4 0 41 42 22 
77 4 0 42 43 23 
78 4 0 43 44 24 
79 4 0 44 45 25 
80 4 0 45 46 25 
81 4 0 46 47 26 
82 4 0 47 48 27 
83 4 0 48 49 28 
84 4 0 49 50 28 
85 4 0 50 51 29 
86 4 0 51 52 30 
87 4 0 52 53 31 
88 4 0 53 54 31 
89 4 0 54 55 32 
90 4 0 55 56 33 
91 4 0 56 57 34 
92 4 0 57 58 34 
93 4 0 58 59 35 
94 4 0 59 60 36 
95 4 0 60 37 19 
96 4 0 37 38 62 
97 4 0 38 39 63 
98 4 0 39 40 64 
99 4 0 40 41 65 
100 4 0 41 42 67 
101 4 0 42 43 68 
102 4 0 43 44 69 
103 4 0 44 45 70 
104 4 0 45 46 72 
105 4 0 46 47 73 
106 4 0 47 48 74 
107 4 0 48 49 75 
108 4 0 49 50 77 
109 4 0 50 51 78 
110 4 0 51 52 79 
111 4 0 52 53 80 
112 4 0 53 54 82 
113 4 0 54 55 83 
114 4 0 55 56 84 
115 4 0 56 57 85 
116 4 0 57 58 87 
117 4 0 58 59 88 
118 4 0 59 60 89 
119 4 0 60 37 90 
120 4 0 61 62 37 
121 4 0 62 63 38 
122 4 0 63 64 39 
123 4 0 64 65 40 
124 4 0 65 66 41 
125 4 0 66 67 41 
126 4 0 67 68 42 
127 4 0 68 69 43 
128 4 0 69 70 44 
129 4 0 70 71 45 
130 4 0 71 72 45 
131 4 0 72 73 46 
132 4 0 73 74 47 
133 4 0 74 75 48 
134 4 0 75 76 49 
135 4 0 76 77 49 
136 4 0 77 78 50 
137 4 0 78 79 51 
138 4 0 79 80 52 
139 4 0 80 81 53 
140 4 0 81 82 53 
141 4 0 82 83 54 
142 4 0 83 84 55 
143 4 0 84 85 56 
144 4 0 85 86 57 
145 4 0 86 87 57 
146 4 0 87 88 58 
147 4 0 88 89 59 
148 4 0 89 90 60 
149 4 0 90 61 37 
150 4 0 61 62 92 
151 4 0 62 63 93 
152 4 0 63 64 94 
153 4 0 64 65 95 
154 4 0 65 66 96 
155 4 0 66 67 98 
156 4 0 67 68 99 
157 4 0 68 69 100 
158 4 0 69 70 101 
159 4 0 70 71 102 
160 4 0 71 72 104 
161 4 0 72 73 105 
162 4 0 73 74 106 
163 4 0 74 75 107 
164 4 0 75 76 108 
165 4 0 76 77 110 
166 4 0 77 78 111 
167 4 0 78 79 112 
168 4 0 79 80 113 
169 4 0 80 81 114 
170 4 0 81 82 116 
171 4 0 82 83 117 
172 4 0 83 84 118 
173 4 0 84 85 119 
174 4 0 85 86 120 
175 4 0 86 87 122 
176 4 0 87 88 123 
177 4 0 88 89 124 
178 4 0 89 90 125 
179 4 0 90 61 126 
180 4 0 91 92 61 
181 4 0 92 93 62 
182 4 0 93 94 63 
183 4 0 94 95 64 
184 4 0 95 96 65 
185 4 0 96 97 66 
186 4 0 97 98 66 
187 4 0 98 99 67 
188 4 0 99 100 68 
189 4 0 100 101 69 
190 4 0 101 102 70 
191 4 0 102 103 71 
192 4 0 103 104 71 
193 4 0 104 105 72 
194 4 0 105 106 73 
195 4 0 106 107 74 
196 4 0 107 108 75 
197 4 0 108 109 76 
198 4 0 109 110 76 
199 4 0 110 111 77 
200 4 0 111 112 78 
201 4 0 112 113 79 
202 4 0 113 114 80 
203 4 0 114 115 81 
204 4 0 115 116 81 
205 4 0 116 117 82 
206 4 0 117 118 83 
207 4 0 118 119 84 
208 4 0 119 120 85 
209 4 0 120 121 86 
210 4 0 121 122 86 
211 4 0 122 123 87 
212 4 0 123 124 88 
213 4 0 124 125 89 
214 4 0 125 126 90 
215 4 0 126 91 61 
216 4 0 91 92 128 
217 4 0 92 93 129 
218 4 0 93 94 130 
219 4 0 94 95 131 
220 4 0 95 96 132 
221 4 0 96 97 133 
222 4 0 97 98 135 
223 4 0 98 99 136 
224 4 0 99 100 137 
225 4 0 100 101 138 
226 4 0 101 102 139 
227 4 0 102 103 140 
228 4 0 103 104 142 
229 4 0 104 105 143 
230 4 0 105 106 144 
231 4 0 106 107 145 
232 4 0 107 108 146 
233 4 0 108 109 147 
234 4 0 109 110 149 
235 4 0 110 111 150 
236 4 0 111 112 151 
237 4 0 112 113 152 
238 4 0 113 114 153 
239 4 0 114 115 154 
240 4 0 115 116 156 
241 4 0 116 117 157 
242 4 0 117 118 158 
243 4 0 118 119 159 
244 4 0 119 120 160 
245 4 0 120 121 161 
246 4 0 121 122 163 
247 4 0 122 123 164 
248 4 0 123 124 165 
249 4 0 124 125 166 
250 4 0 125 126 167 
251 4 0 126 91 168 
252 4 0 127 128 91 
253 4 0 128 129 92 
254 4 0 129 130 93 
255 4 0 130 131 94 
256 4 0 131 132 95 
257 4 0 132 133 96 
258 4 0 133 134 97 
259 4 0 134 135 97 
260 4 0 135 136 98 
261 4 0 136 137 99 
262 4 0 137 138 100 
263 4 0 138 139 101 
264 4 0 139 140 102 
265 4 0 140 141 103 
266 4 0 141 142 103 
267 4 0 142 143 104 
268 4 0 143 144 105 
269 4 0 144 145 106 
270 4 0 145 146 107 
271 4 0 146 147 108 
272 4 0 147 148 109 
273 4 0 148 149 109 
274 4 0 149 150 110 
275 4 0 150 151 111 
276 4 0 151 152 112 
277 4 0 152 153 113 
278 4 0 153 154 114 
279 4 0 154 155 115 
280 4 0 155 156 115 
281 4 0 156 157 116 
282 4 0 157 158 117 
283 4 0 158 159 118 
284 4 0 159 160 119 
285 4 0 160 161 120 
286 4 0 161 162 121 
287 4 0 162 163 121 
288 4 0 163 164 122 
289 4 0 164 165 123 
290 4 0 165 166 124 
291 4 0 166 167 125 
292 4 0 167 168 126 
293 4 0 168 127 91 
294 4 0 127 128 170 
295 4 0 128 129 171 
296 4 0 129 130 172 
297 4 0 130 131 173 
298 4 0 131 132 174 
299 4 0 132 133 175 
300 4 0 133 134 176 
301 4 0 134 135 178 
302 4 0 135 136 179 
303 4 0 136 137 180 
304 4 0 137 138 181 
305 4 0 138 139 182 
306 4 0 139 140 183 
307 4 0 140 141 184 
308 4 0 141 142 186 
309 4 0 142 143 187 
310 4 0 143 144 188 
311 4 0 144 145 189 
312 4 0 145 146 190 
313 4 0 146 147 191 
314 4 0 147 148 192 
315 4 0 148 149 194 
316 4 0 149 150 195 
317 4 0 150 151 196 
318 4 0 151 152 197 
319 4 0 152 153 198 
320 4 0 153 154 199 
321 4 0 154 155 200 
322 4 0 155 156 202 
323 4 0 156 157 203 
324 4 0 157 158 204 
325 4 0 158 159 205 
326 4 0 159 160 206 
327 4 0 160 161 207 
328 4 0 161 162 208 
329 4 0 162 163 210 
330 4 0 163 164 211 
331 4 0 164 165 212 
332 4 0 165 166 213 
333 4 0 166 167 214 
334 4 0 167 168 215 
335 4 0 168 127 216 
336 4 0 169 170 127 
337 4 0 170 171 128 
338 4 0 171 172 129 
339 4 0 172 173 130 
340 4 0 173 174 131 
341 4 0 174 175 132 
342 4 0 175 176 133 
343 4 0 176 177 134 
344 4 0 177 178 134 
345 4 0 178 179 135 
346 4 0 179 180 136 
347 4 0 180 181 137 
348 4 0 181 182 138 
349 4 0 182 183 139 
350 4 0 183 184 140 
351 4 0 184 185 141 
352 4 0 185 186 141 
353 4 0 186 187 142 
354 4 0 187 188 143 
355 4 0 188 189 144 
356 4 0 189 190 145 
357 4 0 190 191 146 
358 4 0 191 192 147 
359 4 0 192 193 148 
360 4 0 193 194 148 
361 4 0 194 195 149 
362 4 0 195 196 150 
363 4 0 196 197 151 
364 4 0 197 198 152 
365 4 0 198 199 153 
366 4 0 199 200 154 
367 4 0 200 201 155 
368 4 0 201 202 155 
369 4 0 202 203 156 
370 4 0 203 204 157 
371 4 0 204 205 158 
372 4 0 205 206 159 
373 4 0 206 207 160 
374 4 0 207 208 161 
375 4 0 208 209 162 
376 4 0 209 210 162 
377 4 0 210 211 163 
378 4 0 211 212 164 
379 4 0 212 213 165 
380 4 0 213 214 166 
381 4 0 214 215 167 
382 4 0 215 216 168 
383 4 0 216 169 127 
384 4 0 169 170 218 
385 4 0 170 171 219 
386 4 0 171 172 220 
387 4 0 172 173 221 
388 4 0 173 174 222 
389 4 0 174 175 223 
390 4 0 175 176 224 
391 4 0 176 177 225 
392 4 0 177 178 227 
393 4 0 178 179 228 
394 4 0 179 180 229 
395 4 0 180 181 230 
396 4 0 181 182 231 
397 4 0 182 183 232 
398 4 0 183 184 233 
399 4 0 184 185 234 
400 4 0 185 186 236 
401 4 0 186 187 237 
402 4 0 187 188 238 
403 4 0 188 189 239 
404 4 0 189 190 240 
405 4 0 190 191 241 
406 4 0 191 192 242 
407 4 0 192 193 243 
408 4 0 193 194 245 
409 4 0 194 195 246 
410 4 0 195 196 247 
411 4 0 196 197 248 
412 4 0 197 198 249 
413 4 0 198 199 250 
414 4 0 199 200 251 
415 4 0 200 201 252 
416 4 0 201 202 254 
417 4 0 202 203 255 
418 4 0 203 204 256 
419 4 0 204 205 257 
420 4 0 205 206 258 
421 4 0 206 207 259 
422 4 0 207 208 260 
423 4 0 208 209 261 
424 4 0 209 210 263 
425 4 0 210 211 264 
426 4 0 211 212 265 
427 4 0 212 213 266 
428 4 0 213 214 267 
429 4 0 214 215 268 
430 4 0 215 216 269 
431 4 0 216 169 270 
432 4 0 217 218 169 
433 4 0 218 219 170 
434 4 0 219 220 171 
435 4 0 220 221 172 
436 4 0 221 222 173 
437 4 0 222 223 174 
438 4 0 223 224 175 
439 4 0 224 225 176 
440 4 0 225 226 177 
441 4 0 226 227 177 
442 4 0 227 228 178 
443 4 0 228 229 179 
444 4 0 229 230 180 
445 4 0 230 231 181 
446 4 0 231 232 182 
447 4 0 232 233 183 
448 4 0 233 234 184 
449 4 0 234 235 185 
450 4 0 235 236 185 
451 4 0 236 237 186 
452 4 0 237 238 187 
453 4 0 238 239 188 
454 4 0 239 240 189 
455 4 0 240 241 190 
456 4 0 241 242 191 
457 4 0 242 243 192 
458 4 0 243 244 193 
459 4 0 244 245 193 
460 4 0 245 246 194 
461 4 0 246 247 195 
462 4 0 247 248 196 
463 4 0 248 249 197 
464 4 0 249 250 198 
465 4 0 250 251 199 
466 4 0 251 252 200 
467 4 0 252 253 201 
468 4 0 253 254 201 
469 4 0 254 255 202 
470 4 0 255 256 203 
471 4 0 256 257 204 
472 4 0 257 258 205 
473 4 0 258 259 206 
474 4 0 259 260 207 
475 4 0 260 261 208 
476 4 0 261 262 209 
477 4 0 262 263 209 
478 4 0 263 264 210 
479 4 0 264 265 211 
480 4 0 265 266 212 
481 4 0 266 267 213 
482 4 0 267 268 214 
483 4 0 268 269 215 
484 4 0 269 270 216 
485 4 0 270 217 169 
486 4 0 217 218 272 
487 4 0 218 219 273 
488 4 0 219 220 274 
489 4 0 220 221 275 
490 4 0 221 222 276 
491 4 0 222 223 277 
492 4 0 223 224 278 
493 4 0 224 225 279 
494 4 0 225 226 280 
495 4 0 226 227 282 
496 4 0 227 228 283 
497 4 0 228 229 284 
498 4 0 229 230 285 
499 4 0 230 231 286 
500 4 0 231 232 287 
501 4 0 232 233 288 
502 4 0 233 234 289 
503 4 0 234 235 290 
504 4 0 235 236 292 
505 4 0 236 237 293 
506 4 0 237 238 294 
507 4 0 238 239 295 
508 4 0 239 240 296 
509 4 0 240 241 297 
510 4 0 241 242 298 
511 4 0 242 243 299 
512 4 0 243 244 300 
513 4 0 244 245 302 
514 4 0 245 246 303 
515 4 0 246 247 304 
516 4 0 247 248 305 
517 4 0 248 249 306 
518 4 0 249 250 307 
519 4 0 250 251 308 
520 4 0 251 252 309 
521 4 0 252 253 310 
522 4 0 253 254 312 
523 4 0 254 255 313 
524 4 0 255 256 314 
525 4 0 256 257 315 
526 4 0 257 258 316 
527 4 0 258 259 317 
528 4 0 259 260 318 
529 4 0 260 261 319 
530 4 0 261 262 320 
531 4 0 262 263 322 
532 4 0 263 264 323 
533 4 0 264 265 324 
534 4 0 265 266 325 
535 4 0 266 267 326 
536 4 0 267 268 327 
537 4 0 268 269 328 
538 4 0 269 270 329 
539 4 0 270 217 330 
540 4 0 271 272 217 
541 4 0 272 273 218 
542 4 0 273 274 219 
543 4 0 274 275 220 
544 4 0 275 276 221 
545 4 0 276 277 222 
546 4 0 277 278 223 
547 4 0 278 279 224 
548 4 0 279 280 225 
549 4 0 280 281 226 
550 4 0 281 282 226 
551 4 0 282 283 227 
552 4 0 283 284 228 
553 4 0 284 285 229 
554 4 0 285 286 230 
555 4 0 286 287 231 
556 4 0 287 288 232 
557 4 0 288 289 233 
558 4 0 289 290 234 
559 4 0 290 291 235 
560 4 0 291 292 235 
561 4 0 292 293 236 
562 4 0 293 294 237 
563 4 0 294 295 238 
564 4 0 295 296 239 
565 4 0 296 297 240 
566 4 0 297 298 241 
567 4 0 298 299 242 
568 4 0 299 300 243 
569 4 0 300 301 244 
570 4 0 301 302 244 
571 4 0 302 303 245 
572 4 0 303 304 246 
573 4 0 304 305 247 
574 4 0 305 306 248 
575 4 0 306 307 249 
576 4 0 307 308 250 
577 4 0 308 309 251 
578 4 0 309 310 252 
579 4 0 310 311 253 
580 4 0 311 312 253 
581 4 0 312 313 254 
582 4 0 313 314 255 
583 4 0 314 315 256 
584 4 0 315 316 257 
585 4 0 316 317 258 
586 4 0 317 318 259 
587 4 0 318 319 260 
588 4 0 319 320 261 
589 4 0 320 321 262 
590 4 0 321 322 262 
591 4 0 322 323 263 
592 4 0 323 324 264 
593 4 0 324 325 265 
594 4 0 325 326 266 
595 4 0 326 327 267 
596 4 0 327 328 268 
597 4 0 328 329 269 
598 4 0 329 330 270 
599 4 0 330 271 217 
600 4 0 271 272 332 
601 4 0 272 273 333 
602 4 0 273 274 334 
603 4 0 274 275 335 
604 4 0 275 276 336 
605 4 0 276 277 337 
606 4 0 277 278 338 
607 4 0 278 279 339 
608 4 0 279 280 340 
609 4 0 280 281 341 
610 4 0 281 282 343 
611 4 0 282 283 344 
612 4 0 283 284 345 
613 4 0 284 285 346 
614 4 0 285 286 347 
615 4 0 286 287 348 
616 4 0 287 288 349 
617 4 0 288 289 350 
618 4 0 289 290 351 
619 4 0 290 291 352 
620 4 0 291 292 354 
621 4 0 292 293 355 
622 4 0 293 294 356 
623 4 0 294 295 357 
624 4 0 295 296 358 
625 4 0 296 297 359 
626 4 0 297 298 360 
627 4 0 298 299 361 
628 4 0 299 300 362 
629 4 0 300 301 363 
630 4 0 301 302 365 
631 4 0 302 303 366 
632 4 0 303 304 367 
633 4 0 304 305 368 
634 4 0 305 306 369 
635 4 0 306 307 370 
636 4 0 307 308 371 
637 4 0 308 309 372 
638 4 0 309 310 373 
639 4 0 310 311 374 
640 4 0 311 312 376 
641 4 0 312 313 377 
642 4 0 313 314 378 
643 4 0 314 315 379 
644 4 0 315 316 380 
645 4 0 316 317 381 
646 4 0 317 318 382 
647 4 0 318 319 383 
648 4 0 319 320 384 
649 4 0 320 321 385 
650 4 0 321 322 387 
651 4 0 322 323 388 
652 4 0 323 324 389 
653 4 0 324 325 390 
654 4 0 325 326 391 
655 4 0 326 327 392 
656 4 0 327 328 393 
657 4 0 328 329 394 
658 4 0 329 330 395 
659 4 0 330 271 396 
660 4 0 331 332 271 
661 4 0 332 333 272 
662 4 0 333 334 273 
663 4 0 334 335 274 
664 4 0 335 336 275 
665 4 0 336 337 276 
666 4 0 337 338 277 
667 4 0 338 339 278 
668 4 0 339 340 279 
669 4 0 340 341 280 
670 4 0 341 342 281 
671 4 0 342 343 281 
672 4 0 343 344 282 
673 4 0 344 345 283 
674 4 0 345 346 284 
675 4 0 346 347 285 
676 4 0 347 348 286 
677 4 0 348 349 287 
678 4 0 349 350 288 
679 4 0 350 351 289 
680 4 0 351 352 290 
681 4 0 352 353 291 
682 4 0 353 354 291 
683 4 0 354 355 292 
684 4 0 355 356 293 
685 4 0 356 357 294 
686 4 0 357 358 295 
687 4 0 358 359 296 
688 4 0 359 360 297 
689 4 0 360 361 298 
690 4 0 361 362 299 
691 4 0 362 363 300 
692 4 0 363 364 301 
693 4 0 364 365 301 
694 4 0 365 366 302 
695 4 0 366 367 303 
696 4 0 367 368 304 
697 4 0 368 369 305 
698 4 0 369 370 306 
699 4 0 370 371 307 
700 4 0 371 372 308 
701 4 0 372 373 309 
702 4 0 373 374 310 
703 4 0 374 375 311 
704 4 0 375 376 311 
705 4 0 376 377 312 
706 4 0 377 378 313 
707 4 0 378 379 314 
708 4 0 379 380 315 
709 4 0 380 381 316 
710 4 0 381 382 317 
711 4 0 382 383 318 
712 4 0 383 384 319 
713 4 0 384 385 320 
714 4 0 385 386 321 
715 4 0 386 387 321 
716 4 0 387 388 322 
717 4 0 388 389 323 
718 4 0 389 390 324 
719 4 0 390 391 325 
720 4 0 391 392 326 
721 4 0 392 393 327 
722 4 0 393 394 328 
723 4 0 394 395 329 
724 4 0 395 396 330 
725 4 0 396 331 271 
726 4 0 331 332 398 
727 4 0 332 333 399 
728 4 0 333 334 400 
729 4 0 334 335 401 
730 4 0 335 336 402 
731 4 0 336 337 403 
732 4 0 337 338 404 
733 4 0 338 339 405 
734 4 0 339 340 406 
735 4 0 340 341 407 
736 4 0 341 342 408 
737 4 0 342 343 410 
738 4 0 343 344 411 
739 4 0 344 345 412 
740 4 0 345 346 413 
741 4 0 346 347 414 
742 4 0 347 348 415 
743 4 0 348 349 416 
744 4 0 349 350 417 
745 4 0 350 351 418 
746 4 0 351 352 419 
747 4 0 352 353 420 
748 4 0 353 354 422 
749 4 0 354 355 423 
750 4 0 355 356 424 
751 4 0 356 357 425 
752 4 0 357 358 426 
753 4 0 358 359 427 
754 4 0 359 360 428 
755 4 0 360 361 429 
756 4 0 361 362 430 
757 4 0 362 363 431 
758 4 0 363 364 432 
759 4 0 364 365 434 
760 4 0 365 366 435 
761 4 0 366 367 436 
762 4 0 367 368 437 
763 4 0 368 369 438 
764 4 0 369 370 439 
765 4 0 370 371 440 
766 4 0 371 372 441 
767 4 0 372 373 442 
768 4 0 373 374 443 
769 4 0 374 375 444 
770 4 0 375 376 446 
771 4 0 376 377 447 
772 4 0 377 378 448 
773 4 0 378 379 449 
774 4 0 379 380 450 
775 4 0 380 381 451 
776 4 0 381 382 452 
777 4 0 382 383 453 
778 4 0 383 384 454 
779 4 0 384 385 455 
780 4 0 385 386 456 
781 4 0 386 387 458 
782 4 0 387 388 459 
783 4 0 388 389 460 
784 4 0 389 390 461 
785 4 0 390 391 462 
786 4 0 391 392 463 
787 4 0 392 393 464 
788 4 0 393 394 465 
789 4 0 394 395 466 
790 4 0 395 396 467 
791 4 0 396 331 468 
792 4 0 397 398 331 
793 4 0 398 399 332 
794 4 0 399 400 333 
795 4 0 400 401 334 
796 4 0 401 402 335 
797 4 0 402 403 336 
798 4 0 403 404 337 
799 4 0 404 405 338 
800 4 0 405 406 339 
801 4 0 406 407 340 
802 4 0 407 408 341 
803 4 0 408 409 342 
804 4 0 409 410 342 
805 4 0 410 411 343 
806 4 0 411 412 344 
807 4 0 412 413 345 
808 4 0 413 414 346 
809 4 0 414 415 347 
810 4 0 415 416 348 
811 4 0 416 417 349 
812 4 0 417 418 350 
813 4 0 418 419 351 
814 4 0 419 420 352 
815 4 0 420 421 353 
816 4 0 421 422 353 
817 4 0 422 423 354 
818 4 0 423 424 355 
819 4 0 424 425 356 
820 4 0 425 426 357 
821 4 0 426 427 358 
822 4 0 427 428 359 
823 4 0 428 429 360 
824 4 0 429 430 361 
825 4 0 430 431 362 
826 4 0 431 432 363 
827 4 0 432 433 364 
828 4 0 433 434 364 
829 4 0 434 435 365 
830 4 0 435 436 366 
831 4 0 436 437 367 
832 4 0 437 438 368 
833 4 0 438 439 369 
834 4 0 439 440 370 
835 4 0 440 441 371 
836 4 0 441 442 372 
837 4 0 442 443 373 
838 4 0 443 444 374 
839 4 0 444 445 375 
840 4 0 445 446 375 
841 4 0 446 447 376 
842 4 0 447 448 377 
843 4 0 448 449 378 
844 4 0 449 450 379 
845 4 0 450 451 380 
846 4 0 451 452 381 
847 4 0 452 453 382 
848 4 0 453 454 383 
849 4 0 454 455 384 
850 4 0 455 456 385 
851 4 0 456 457 386 
852 4 0 457 458 386 
853 4 0 458 459 387 
854 4 0 459 460 388 
855 4 0 460 461 389 
856 4 0 461 462 390 
857 4 0 462 463 391 
858 4 0 463 464 392 
859 4 0 464 465 393 
860 4 0 465 466 394 
861 4 0 466 467 395 
862 4 0 467 468 396 
863 4 0 468 397 331 
864 4 0 397 398 470 
865 4 0 398 399 471 
866 4 0 399 400 472 
867 4 0 400 401 473 
868 4 0 401 402 474 
869 4 0 402 403 475 
870 4 0 403 404 476 
871 4 0 404 405 477 
872 4 0 405 406 478 
873 4 0 406 407 479 
874 4 0 407 408 480 
875 4 0 408 409 481 
876 4 0 409 410 483 
877 4 0 410 411 484 
878 4 0 411 412 485 
879 4 0 412 413 486 
880 4 0 413 414 487 
881 4 0 414 415 488 
882 4 0 415 416 489 
883 4 0 416 417 490 
884 4 0 417 418 491 
885 4 0 418 419 492 
886 4 0 419 420 493 
887 4 0 420 421 494 
888 4 0 421 422 496 
889 4 0 422 423 497 
890 4 0 423 424 498 
891 4 0 424 425 499 
892 4 0 425 426 500 
893 4 0 426 427 501 
894 4 0 427 428 502 
895 4 0 428 429 503 
896 4 0 429 430 504 
897 4 0 430 431 505 
898 4 0 431 432 506 
899 4 0 432 433 507 
900 4 0 433 434 509 
901 4 0 434 435 510 
902 4 0 435 436 511 
903 4 0 436 437 512 
904 4 0 437 438 513 
905 4 0 438 439 514 
906 4 0 439 440 515 
907 4 0 440 441 516 
908 4 0 441 442 517 
909 4 0 442 443 518 
910 4 0 443 444 519 
911 4 0 444 445 520 
912 4 0 445 446 522 
913 4 0 446 447 523 
914 4 0 447 448 524 
915 4 0 448 449 525 
916 4 0 449 450 526 
917 4 0 450 451 527 
918 4 0 451 452 528 
919 4 0 452 453 529 
920 4 0 453 454 530 
921 4 0 454 455 531 
922 4 0 455 456 532 
923 4 0 456 457 533 
924 4 0 457 458 535 
925 4 0 458 459 536 
926 4 0 459 460 537 
927 4 0 460 461 538 
928 4 0 461 462 539 
929 4 0 462 463 540 
930 4 0 463 464 541 
931 4 0 464 465 542 
932 4 0 465 466 543 
933 4 0 466 467 544 
934 4 0 467 468 545 
935 4 0 468 397 546 
936 4 0 469 470 397 
937 4 0 470 471 398 
938 4 0 471 472 399 
939 4 0 472 473 400 
940 4 0 473 474 401 
941 4 0 474 475 402 
942 4 0 475 476 403 
943 4 0 476 477 404 
944 4 0 477 478 405 
945 4 0 478 479 406 
946 4 0 479 480 407 
947 4 0 480 481 408 
948 4 0 481 482 409 
949 4 0 482 483 409 
950 4 0 483 484 410 
951 4 0 484 485 411 
952 4 0 485 486 412 
953 4 0 486 487 413 
954 4 0 487 488 414 
955 4 0 488 489 415 
956 4 0 489 490 416 
957 4 0 490 491 417 
958 4 0 491 492 418 
959 4 0 492 493 419 
960 4 0 493 494 420 
961 4 0 494 495 421 
962 4 0 495 496 421 
963 4 0 496 497 422 
964 4 0 497 498 423 
965 4 0 498 499 424 
966 4 0 499 500 425 
967 4 0 500 501 426 
968 4 0 501 502 427 
969 4 0 502 503 428 
970 4 0 503 504 429 
971 4 0 504 505 430 
972 4 0 505 506 431 
973 4 0 506 507 432 
974 4 0 507 508 433 
975 4 0 508 509 433 
976 4 0 509 510 434 
977 4 0 510 511 435 
978 4 0 511 512 436 
979 4 0 512 513 437 
980 4 0 513 514 438 
981 4 0 514 515 439 
982 4 0 515 516 440 
983 4 0 516 517 441 
984 4 0 517 518 442 
985 4 0 518 519 443 
986 4 0 519 520 444 
987 4 0 520 521 445 
988 4 0 521 522 445 
989 4 0 522 523 446 
990 4 0 523 524 447 
991 4 0 524 525 448 
992 4 0 525 526 449 
993 4 0 526 527 450 
994 4 0 527 528 451 
995 4 0 528 529 452 
996 4 0 529 530 453 
997 4 0 530 531 454 
998 4 0 531 532 455 
999 4 0 532 533 456 
1000 4 0 533 534 457 
1001 4 0 534 535 457 
1002 4 0 535 536 458 
1003 4 0 536 537 459 
1004 4 0 537 538 460 
1005 4 0 538 539 461 
1006 4 0 539 540 462 
1007 4 0 540 541 463 
1008 4 0 541 542 464 
1009 4 0 542 543 465 
1010 4 0 543 544 466 
1011 4 0 544 545 467 
1012 4 0 545 546 468 
1013 4 0 546 469 397 
1014 4 0 469 470 548 
1015 4 0 470 471 549 
1016 4 0 471 472 550 
1017 4 0 472 473 551 
1018 4 0 473 474 552 
1019 4 0 474 475 553 
1020 4 0 475 476 554 
1021 4 0 476 477 555 
1022 4 0 477 478 556 
1023 4 0 478 479 557 
1024 4 0 479 480 558 
1025 4 0 480 481 559 
1026 4 0 481 482 560 
1027 4 0 482 483 562 
1028 4 0 483 484 563 
1029 4 0 484 485 564 
1030 4 0 485 486 565 
1031 4 0 486 487 566 
1032 4 0 487 488 567 
1033 4 0 488 489 568 
1034 4 0 489 490 569 
1035 4 0 490 491 570 
1036 4 0 491 492 571 
1037 4 0 492 493 572 
1038 4 0 493 494 573 
1039 4 0 494 495 574 
1040 4 0 495 496 576 
1041 4 0 496 497 577 
1042 4 0 497 498 578 
1043 4 0 498 499 579 
1044 4 0 499 500 580 
1045 4 0 500 501 581 
1046 4 0 501 502 582 
1047 4 0 502 503 583 
1048 4 0 503 504 584 
1049 4 0 504 505 585 
1050 4 0 505 506 586 
1051 4 0 506 507 587 
1052 4 0 507 508 588 
1053 4 0 508 509 590 
1054 4 0 509 510 591 
1055 4 0 510 511 592 
1056 4 0 511 512 593 
1057 4 0 512 513 594 
1058 4 0 513 514 595 
1059 4 0 514 515 596 
1060 4 0 515 516 597 
1061 4 0 516 517 598 
1062 4 0 517 518 599 
1063 4 0 518 519 600 
1064 4 0 519 520 601 
1065 4 0 520 521 602 
1066 4 0 521 522 604 
1067 4 0 522 523 605 
1068 4 0 523 524 606 
1069 4 0 524 525 607 
1070 4 0 525 526 608 
1071 4 0 526 527 609 
1072 4 0 527 528 610 
1073 4 0 528 529 611 
1074 4 0 529 530 612 
1075 4 0 530 531 613 
1076 4 0 531 532 614 
1077 4 0 532 533 615 
1078 4 0 533 534 616 
1079 4 0 534 535 618 
1080 4 0 535 536 619 
1081 4 0 536 537 620 
1082 4 0 537 538 621 
1083 4 0 538 539 622 
1084 4 0 539 540 623 
1085 4 0 540 541 624 
1086 4 0 541 542 625 
1087 4 0 542 543 626 
1088 4 0 543 544 627 
1089 4 0 544 545 628 
1090 4 0 545 546 629 
1091 4 0 546 469 630 
1092 4 0 547 548 469 
1093 4 0 548 549 470 
1094 4 0 549 550 471 
1095 4 0 550 551 472 
1096 4 0 551 552 473 
1097 4 0 552 553 474 
1098 4 0 553 554 475 
1099 4 0 554 555 476 
1100 4 0 555 556 477 
1101 4 0 556 557 478 
1102 4 0 557 558 479 
1103 4 0 558 559 480 
1104 4 0 559 560 481 
1105 4 0 560 561 482 
1106 4 0 561 562 482 
1107 4 0 562 563 483 
1108 4 0 563 564 484 
1109 4 0 564 565 485 
1110 4 0 565 566 486 
1111 4 0 566 567 487 
1112 4 0 567 568 488 
1113 4 0 568 569 489 
1114 4 0 569 570 490 
1115 4 0 570 571 491 
1116 4 0 571 572 492 
1117 4 0 572 573 493 
1118 4 0 573 574 494 
1119 4 0 574 575 495 
1120 4 0 575 576 495 
1121 4 0 576 577 496 
1122 4 0 577 578 497 
1123 4 0 578 579 498 
1124 4 0 579 580 499 
1125 4 0 580 581 500 
1126 4 0 581 582 501 
1127 4 0 582 583 502 
1128 4 0 583 584 503 
1129 4 0 584 585 504 
1130 4 0 585 586 505 
1131 4 0 586 587 506 
1132 4 0 587 588 507 
1133 4 0 588 589 508 
1134 4 0 589 590 508 
1135 4 0 590 591 509 
1136 4 0 591 592 510 
1137 4 0 592 593 511 
1138 4 0 593 594 512 
1139 4 0 594 595 513 
1140 4 0 595 596 514 
1141 4 0 596 597 515 
1142 4 0 597 598 516 
1143 4 0 598 599 517 
1144 4 0 599 600 518 
1145 4 0 600 601 519 
1146 4 0 601 602 520 
1147 4 0 602 603 521 
1148 4 0 603 604 521 
1149 4 0 604 605 522 
1150 4 0 605 606 523 
1151 4 0 606 607 524 
1152 4 0 607 608 525 
1153 4 0 608 609 526 
1154 4 0 609 610 527 
1155 4 0 610 611 528 
1156 4 0 611 612 529 
1157 4 0 612 613 530 
1158 4 0 613 614 531 
1159 4 0 614 615 532 
1160 4 0 615 616 533 
1161 4 0 616 617 534 
1162 4 0 617 618 534 
1163 4 0 618 619 535 
1164 4 0 619 620 536 
1165 4 0 620 621 537 
1166 4 0 621 622 538 
1167 4 0 622 623 539 
1168 4 0 623 624 540 
1169 4 0 624 625 541 
1170 4 0 625 626 542 
1171 4 0 626 627 543 
1172 4 0 627 628 544 
1173 4 0 628 629 545 
1174 4 0 629 630 546 
1175 4 0 630 547 469 
1176 6 -1 
6 1 5 
7 2 0 
8 3 1 
9 4 2 
10 5 3 
11 0 4 
13 12 0 
15 14 1 
17 16 2 
19 18 3 
21 20 4 
23 22 5 
6 23 24 
14 6 25 
7 13 26 
16 7 27 
8 15 28 
18 8 29 
9 17 30 
20 9 31 
10 19 32 
22 10 33 
11 21 34 
12 11 35 
37 36 12 
38 37 13 
40 39 14 
41 40 15 
43 42 16 
44 43 17 
46 45 18 
47 46 19 
49 48 20 
50 49 21 
52 51 22 
53 52 23 
24 53 54 
25 24 55 
39 25 56 
26 38 57 
27 26 58 
42 27 59 
28 41 60 
29 28 61 
45 29 62 
30 44 63 
31 30 64 
48 31 65 
32 47 66 
33 32 67 
51 33 68 
34 50 69 
35 34 70 
36 35 71 
73 72 36 
74 73 37 
75 74 38 
77 76 39 
78 77 40 
79 78 41 
81 80 42 
82 81 43 
83 82 44 
85 84 45 
86 85 46 
87 86 47 
89 88 48 
90 89 49 
91 90 50 
93 92 51 
94 93 52 
95 94 53 
54 95 96 
55 54 97 
56 55 98 
76 56 99 
57 75 100 
58 57 101 
59 58 102 
80 59 103 
60 79 104 
61 60 105 
62 61 106 
84 62 107 
63 83 108 
64 63 109 
65 64 110 
88 65 111 
66 87 112 
67 66 113 
68 67 114 
92 68 115 
69 91 116 
70 69 117 
71 70 118 
72 71 119 
121 120 72 
122 121 73 
123 122 74 
124 123 75 
126 125 76 
127 126 77 
128 127 78 
129 128 79 
131 130 80 
132 131 81 
133 132 82 
134 133 83 
136 135 84 
137 136 85 
138 137 86 
139 138 87 
141 140 88 
142 141 89 
143 142 90 
144 143 91 
146 145 92 
147 146 93 
148 147 94 
149 148 95 
96 149 150 
97 96 151 
98 97 152 
99 98 153 
125 99 154 
100 124 155 
101 100 156 
102 101 157 
103 102 158 
130 103 159 
104 129 160 
105 104 161 
106 105 162 
107 106 163 
135 107 164 
108 134 165 
109 108 166 
110 109 167 
111 110 168 
140 111 169 
112 139 170 
113 112 171 
114 113 172 
115 114 173 
145 115 174 
116 144 175 
117 116 176 
118 117 177 
119 118 178 
120 119 179 
181 180 120 
182 181 121 
183 182 122 
184 183 123 
185 184 124 
187 186 125 
188 187 126 
189 188 127 
190 189 128 
191 190 129 
193 192 130 
194 193 131 
195 194 132 
196 195 133 
197 196 134 
199 198 135 
200 199 136 
201 200 137 
202 201 138 
203 202 139 
205 204 140 
206 205 141 
207 206 142 
208 207 143 
209 208 144 
211 210 145 
212 211 146 
213 212 147 
214 213 148 
215 214 149 
150 215 216 
151 150 217 
152 151 218 
153 152 219 
154 153 220 
186 154 221 
155 185 222 
156 155 223 
157 156 224 
158 157 225 
159 158 226 
192 159 227 
160 191 228 
161 160 229 
162 161 230 
163 162 231 
164 163 232 
198 164 233 
165 197 234 
166 165 235 
167 166 236 
168 167 237 
169 168 238 
204 169 239 
170 203 240 
171 170 241 
172 171 242 
173 172 243 
174 173 244 
210 174 245 
175 209 246 
176 175 247 
177 176 248 
178 177 249 
179 178 250 
180 179 251 
253 252 180 
254 253 181 
255 254 182 
256 255 183 
257 256 184 
258 257 185 
260 259 186 
261 260 187 
262 261 188 
263 262 189 
264 263 190 
265 264 191 
267 266 192 
268 267 193 
269 268 194 
270 269 195 
271 270 196 
272 271 197 
274 273 198 
275 274 199 
276 275 200 
277 276 201 
278 277 202 
279 278 203 
281 280 204 
282 281 205 
283 282 206 
284 283 207 
285 284 208 
286 285 209 
288 287 210 
289 288 211 
290 289 212 
291 290 213 
292 291 214 
293 292 215 
216 293 294 
217 216 295 
218 217 296 
219 218 297 
220 219 298 
221 220 299 
259 221 300 
222 258 301 
223 222 302 
224 223 303 
225 224 304 
226 225 305 
227 226 306 
266 227 307 
228 265 308 
229 228 309 
230 229 310 
231 230 311 
232 231 312 
233 232 313 
273 233 314 
234 272 315 
235 234 316 
236 235 317 
237 236 318 
238 237 319 
239 238 320 
280 239 321 
240 279 322 
241 240 323 
242 241 324 
243 242 325 
244 243 326 
245 244 327 
287 245 328 
246 286 329 
247 246 330 
248 247 331 
249 248 332 
250 249 333 
251 250 334 
252 251 335 
337 336 252 
338 337 253 
339 338 254 
340 339 255 
341 340 256 
342 341 257 
343 342 258 
345 344 259 
346 345 260 
347 346 261 
348 347 262 
349 348 263 
350 349 264 
351 350 265 
353 352 266 
354 353 267 
355 354 268 
356 355 269 
357 356 270 
358 357 271 
359 358 272 
361 360 273 
362 361 274 
363 362 275 
364 363 276 
365 364 277 
366 365 278 
367 366 279 
369 368 280 
370 369 281 
371 370 282 
372 371 283 
373 372 284 
374 373 285 
375 374 286 
377 376 287 
378 377 288 
379 378 289 
380 379 290 
381 380 291 
382 381 292 
383 382 293 
294 383 384 
295 294 385 
296 295 386 
297 296 387 
298 297 388 
299 298 389 
300 299 390 
344 300 391 
301 343 392 
302 301 393 
303 302 394 
304 303 395 
305 304 396 
306 305 397 
307 306 398 
352 307 399 
308 351 400 
309 308 401 
310 309 402 
311 310 403 
312 311 404 
313 312 405 
314 313 406 
360 314 407 
315 359 408 
316 315 409 
317 316 410 
318 317 411 
319 318 412 
320 319 413 
321 320 414 
368 321 415 
322 367 416 
323 322 417 
324 323 418 
325 324 419 
326 325 420 
327 326 421 
328 327 422 
376 328 423 
329 375 424 
330 329 425 
331 330 426 
332 331 427 
333 332 428 
334 333 429 
335 334 430 
336 335 431 
433 432 336 
434 433 337 
435 434 338 
436 435 339 
437 436 340 
438 437 341 
439 438 342 
440 439 343 
442 441 344 
443 442 345 
444 443 346 
445 444 347 
446 445 348 
447 446 349 
448 447 350 
449 448 351 
451 450 352 
452 451 353 
453 452 354 
454 453 355 
455 454 356 
456 455 357 
457 456 358 
458 457 359 
460 459 360 
461 460 361 
462 461 362 
463 462 363 
464 463 364 
465 464 365 
466 465 366 
467 466 367 
469 468 368 
470 469 369 
471 470 370 
472 471 371 
473 472 372 
474 473 373 
475 474 374 
476 475 375 
478 477 376 
479 478 377 
480 479 378 
481 480 379 
482 481 380 
483 482 381 
484 483 382 
485 484 383 
384 485 486 
385 384 487 
386 385 488 
387 386 489 
388 387 490 
389 388 491 
390 389 492 
391 390 493 
441 391 494 
392 440 495 
393 392 496 
394 393 497 
395 394 498 
396 395 499 
397 396 500 
398 397 501 
399 398 502 
450 399 503 
400 449 504 
401 400 505 
402 401 506 
403 402 507 
404 403 508 
405 404 509 
406 405 510 
407 406 511 
459 407 512 
408 458 513 
409 408 514 
410 409 515 
411 410 516 
412 411 517 
413 412 518 
414 413 519 
415 414 520 
468 415 521 
416 467 522 
417 416 523 
418 417 524 
419 418 525 
420 419 526 
421 420 527 
422 421 528 
423 422 529 
477 423 530 
424 476 531 
425 424 532 
426 425 533 
427 426 534 
428 427 535 
429 428 536 
430 429 537 
431 430 538 
432 431 539 
541 540 432 
542 541 433 
543 542 434 
544 543 435 
545 544 436 
546 545 437 
547 546 438 
548 547 439 
549 548 440 
551 550 441 
552 551 442 
553 552 443 
554 553 444 
555 554 445 
556 555 446 
557 556 447 
558 557 448 
559 558 449 
561 560 450 
562 561 451 
563 562 452 
564 563 453 
565 564 454 
566 565 455 
567 566 456 
568 567 457 
569 568 458 
571 570 459 
572 571 460 
573 572 461 
574 573 462 
575 574 463 
576 575 464 
577 576 465 
578 577 466 
579 578 467 
581 580 468 
582 581 469 
583 582 470 
584 583 471 
585 584 472 
586 585 473 
587 586 474 
588 587 475 
589 588 476 
591 590 477 
592 591 478 
593 592 479 
594 593 480 
595 594 481 
596 595 482 
597 596 483 
598 597 484 
599 598 485 
486 599 600 
487 486 601 
488 487 602 
489 488 603 
490 489 604 
491 490 605 
492 491 606 
493 492 607 
494 493 608 
550 494 609 
495 549 610 
496 495 611 
497 496 612 
498 497 613 
499 498 614 
500 499 615 
501 500 616 
502 501 617 
503 502 618 
560 503 619 
504 559 620 
505 504 621 
506 505 622 
507 506 623 
508 507 624 
509 508 625 
510 509 626 
511 510 627 
512 511 628 
570 512 629 
513 569 630 
514 513 631 
515 514 632 
516 515 633 
517 516 634 
518 517 635 
519 518 636 
520 519 637 
521 520 638 
580 521 639 
522 579 640 
523 522 641 
524 523 642 
525 524 643 
526 525 644 
527 526 645 
528 527 646 
529 528 647 
530 529 648 
590 530 649 
531 589 650 
532 531 651 
533 532 652 
534 533 653 
535 534 654 
536 535 655 
537 536 656 
538 537 657 
539 538 658 
540 539 659 
661 660 540 
662 661 541 
663 662 542 
664 663 543 
665 664 544 
666 665 545 
667 666 546 
668 667 547 
669 668 548 
670 669 549 
672 671 550 
673 672 551 
674 673 552 
675 674 553 
676 675 554 
677 676 555 
678 677 556 
679 678 557 
680 679 558 
681 680 559 
683 682 560 
684 683 561 
685 684 562 
686 685 563 
687 686 564 
688 687 565 
689 688 566 
690 689 567 
691 690 568 
692 691 569 
694 693 570 
695 694 571 
696 695 572 
697 696 573 
698 697 574 
699 698 575 
700 699 576 
701 700 577 
702 701 578 
703 702 579 
705 704 580 
706 705 581 
707 706 582 
708 707 583 
709 708 584 
710 709 585 
711 710 586 
712 711 587 
713 712 588 
714 713 589 
716 715 590 
717 716 591 
718 717 592 
719 718 593 
720 719 594 
721 720 595 
722 721 596 
723 722 597 
724 723 598 
725 724 599 
600 725 726 
601 600 727 
602 601 728 
603 602 729 
604 603 730 
605 604 731 
606 605 732 
607 606 733 
608 607 734 
609 608 735 
671 609 736 
610 670 737 
611 610 738 
612 611 739 
613 612 740 
614 613 741 
615 614 742 
616 615 743 
617 616 744 
618 617 745 
619 618 746 
682 619 747 
620 681 748 
621 620 749 
622 621 750 
623 622 751 
624 623 752 
625 624 753 
626 625 754 
627 626 755 
628 627 756 
629 628 757 
693 629 758 
630 692 759 
631 630 760 
632 631 761 
633 632 762 
634 633 763 
635 634 764 
636 635 765 
637 636 766 
638 637 767 
639 638 768 
704 639 769 
640 703 770 
641 640 771 
642 641 772 
643 642 773 
644 643 774 
645 644 775 
646 645 776 
647 646 777 
648 647 778 
649 648 779 
715 649 780 
650 714 781 
651 650 782 
652 651 783 
653 652 784 
654 653 785 
655 654 786 
656 655 787 
657 656 788 
658 657 789 
659 658 790 
660 659 791 
793 792 660 
794 793 661 
795 794 662 
796 795 663 
797 796 664 
798 797 665 
799 798 666 
800 799 667 
801 800 668 
802 801 669 
803 802 670 
805 804 671 
806 805 672 
807 806 673 
808 807 674 
809 808 675 
810 809 676 
811 810 677 
812 811 678 
813 812 679 
814 813 680 
815 814 681 
817 816 682 
818 817 683 
819 818 684 
820 819 685 
821 820 686 
822 821 687 
823 822 688 
824 823 689 
825 824 690 
826 825 691 
827 826 692 
829 828 693 
830 829 694 
831 830 695 
832 831 696 
833 832 697 
834 833 698 
835 834 699 
836 835 700 
837 836 701 
838 837 702 
839 838 703 
841 840 704 
842 841 705 
843 842 706 
844 843 707 
845 844 708 
846 845 709 
847 846 710 
848 847 711 
849 848 712 
850 849 713 
851 850 714 
853 852 715 
854 853 716 
855 854 717 
856 855 718 
857 856 719 
858 857 720 
859 858 721 
860 859 722 
861 860 723 
862 861 724 
863 862 725 
726 863 864 
727 726 865 
728 727 866 
729 728 867 
730 729 868 
731 730 869 
732 731 870 
733 732 871 
734 733 872 
735 734 873 
736 735 874 
804 736 875 
737 803 876 
738 737 877 
739 738 878 
740 739 879 
741 740 880 
742 741 881 
743 742 882 
744 743 883 
745 744 884 
746 745 885 
747 746 886 
816 747 887 
748 815 888 
749 748 889 
750 749 890 
751 750 891 
752 751 892 
753 752 893 
754 753 894 
755 754 895 
756 755 896 
757 756 897 
758 757 898 
828 758 899 
759 827 900 
760 759 901 
761 760 902 
762 761 903 
763 762 904 
764 763 905 
765 764 906 
766 765 907 
767 766 908 
768 767 909 
769 768 910 
840 769 911 
770 839 912 
771 770 913 
772 771 914 
773 772 915 
774 773 916 
775 774 917 
776 775 918 
777 776 919 
778 777 920 
779 778 921 
780 779 922 
852 780 923 
781 851 924 
782 781 925 
783 782 926 
784 783 927 
785 784 928 
786 785 929 
787 786 930 
788 787 931 
789 788 932 
790 789 933 
791 790 934 
792 791 935 
937 936 792 
938 937 793 
939 938 794 
940 939 795 
941 940 796 
942 941 797 
943 942 798 
944 943 799 
945 944 800 
946 945 801 
947 946 802 
948 947 803 
950 949 804 
951 950 805 
952 951 806 
953 952 807 
954 953 808 
955 954 809 
956 955 810 
957 956 811 
958 957 812 
959 958 813 
960 959 814 
961 960 815 
963 962 816 
964 963 817 
965 964 818 
966 965 819 
967 966 820 
968 967 821 
969 968 822 
970 969 823 
971 970 824 
972 971 825 
973 972 826 
974 973 827 
976 975 828 
977 976 829 
978 977 830 
979 978 831 
980 979 832 
981 980 833 
982 981 834 
983 982 835 
984 983 836 
985 984 837 
986 985 838 
987 986 839 
989 988 840 
990 989 841 
991 990 842 
992 991 843 
993 992 844 
994 993 845 
995 994 846 
996 995 847 
997 996 848 
998 997 849 
999 998 850 
1000 999 851 
1002 1001 852 
1003 1002 853 
1004 1003 854 
1005 1004 855 
1006 1005 856 
1007 1006 857 
1008 1007 858 
1009 1008 859 
1010 1009 860 
1011 1010 861 
1012 1011 862 
1013 1012 863 
864 1013 1014 
865 864 1015 
866 865 1016 
867 866 1017 
868 867 1018 
869 868 1019 
870 869 1020 
871 870 1021 
872 871 1022 
873 872 1023 
874 873 1024 
875 874 1025 
949 875 1026 
876 948 1027 
877 876 1028 
878 877 1029 
879 878 1030 
880 879 1031 
881 880 1032 
882 881 1033 
883 882 1034 
884 883 1035 
885 884 1036 
886 885 1037 
887 886 1038 
962 887 1039 
888 961 1040 
889 888 1041 
890 889 1042 
891 890 1043 
892 891 1044 
893 892 1045 
894 893 1046 
895 894 1047 
896 895 1048 
897 896 1049 
898 897 1050 
899 898 1051 
975 899 1052 
900 974 1053 
901 900 1054 
902 901 1055 
903 902 1056 
904 903 1057 
905 904 1058 
906 905 1059 
907 906 1060 
908 907 1061 
909 908 1062 
910 909 1063 
911 910 1064 
988 911 1065 
912 987 1066 
913 912 1067 
914 913 1068 
915 914 1069 
916 915 1070 
917 916 1071 
918 917 1072 
919 918 1073 
920 919 1074 
921 920 1075 
922 921 1076 
923 922 1077 
1001 923 1078 
924 1000 1079 
925 924 1080 
926 925 1081 
927 926 1082 
928 927 1083 
929 928 1084 
930 929 1085 
931 930 1086 
932 931 1087 
933 932 1088 
934 933 1089 
935 934 1090 
936 935 1091 
1093 1092 936 
1094 1093 937 
1095 1094 938 
1096 1095 939 
1097 1096 940 
1098 1097 941 
1099 1098 942 
1100 1099 943 
1101 1100 944 
1102 1101 945 
1103 1102 946 
1104 1103 947 
1105 1104 948 
1107 1106 949 
1108 1107 950 
1109 1108 951 
1110 1109 952 
1111 1110 953 
1112 1111 954 
1113 1112 955 
1114 1113 956 
1115 1114 957 
1116 1115 958 
1117 1116 959 
1118 1117 960 
1119 1118 961 
1121 1120 962 
1122 1121 963 
1123 1122 964 
1124 1123 965 
1125 1124 966 
1126 1125 967 
1127 1126 968 
1128 1127 969 
1129 1128 970 
1130 1129 971 
1131 1130 972 
1132 1131 973 
1133 1132 974 
1135 1134 975 
1136 1135 976 
1137 1136 977 
1138 1137 978 
1139 1138 979 
1140 1139 980 
1141 1140 981 
1142 1141 982 
1143 1142 983 
1144 1143 984 
1145 1144 985 
1146 1145 986 
1147 1146 987 
1149 1148 988 
1150 1149 989 
1151 1150 990 
1152 1151 991 
1153 1152 992 
1154 1153 993 
1155 1154 994 
1156 1155 995 
1157 1156 996 
1158 1157 997 
1159 1158 998 
1160 1159 999 
1161 1160 1000 
1163 1162 1001 
1164 1163 1002 
1165 1164 1003 
1166 1165 1004 
1167 1166 1005 
1168 1167 1006 
1169 1168 1007 
1170 1169 1008 
1171 1170 1009 
1172 1171 1010 
1173 1172 1011 
1174 1173 1012 
1175 1174 1013 
1014 1175 1176 
1015 1014 1176 
1016 1015 1176 
1017 1016 1176 
1018 1017 1176 
1019 1018 1176 
1020 1019 1176 
1021 1020 1176 
1022 1021 1176 
1023 1022 1176 
1024 1023 1176 
1025 1024 1176 
1026 1025 1176 
1106 1026 1176 
1027 1105 1176 
1028 1027 1176 
1029 1028 1176 
1030 1029 1176 
1031 1030 1176 
1032 1031 1176 
1033 1032 1176 
1034 1033 1176 
1035 1034 1176 
1036 1035 1176 
1037 1036 1176 
1038 1037 1176 
1039 1038 1176 
1120 1039 1176 
1040 1119 1176 
1041 1040 1176 
1042 1041 1176 
1043 1042 1176 
1044 1043 1176 
1045 1044 1176 
1046 1045 1176 
1047 1046 1176 
1048 1047 1176 
1049 1048 1176 
1050 1049 1176 
1051 1050 1176 
1052 1051 1176 
1134 1052 1176 
1053 1133 1176 
1054 1053 1176 
1055 1054 1176 
1056 1055 1176 
1057 1056 1176 
1058 1057 1176 
1059 1058 1176 
1060 1059 1176 
1061 1060 1176 
1062 1061 1176 
1063 1062 1176 
1064 1063 1176 
1065 1064 1176 
1148 1065 1176 
1066 1147 1176 
1067 1066 1176 
1068 1067 1176 
1069 1068 1176 
1070 1069 1176 
1071 1070 1176 
1072 1071 1176 
1073 1072 1176 
1074 1073 1176 
1075 1074 1176 
1076 1075 1176 
1077 1076 1176 
1078 1077 1176 
1162 1078 1176 
1079 1161 1176 
1080 1079 1176 
1081 1080 1176 
1082 1081 1176 
1083 1082 1176 
1084 1083 1176 
1085 1084 1176 
1086 1085 1176 
1087 1086 1176 
1088 1087 1176 
1089 1088 1176 
1090 1089 1176 
1091 1090 1176 
1092 1091 1176 

