36
0 0 0 0
1 0.0185762 0 0
2 0.0290032 0 0
3 0.06568 0 0
4 0.117388 0 0
5 0.133035 0 0
6 0.162294 0 0
7 0.215817 0 0
8 0.227964 0 0
9 0.254826 0 0
10 0.287692 0 0
11 0.298832 0 0
12 0.324865 0 0
13 0.363676 0 0
14 0.370719 0 0
15 0.380306 0 0
16 0.389485 0 0
17 0.43857 0 0
18 0.476717 0 0
19 0.511589 0 0
20 0.56324 0 0
21 0.614146 0 0
22 0.638778 0 0
23 0.662153 0 0
24 0.678412 0 0
25 0.713083 0 0
26 0.737332 0 0
27 0.762996 0 0
28 0.78735 0 0
29 0.815038 0 0
30 0.828548 0 0
31 0.866162 0 0
32 0.910023 0 0
33 0.933068 0 0
34 0.981055 0 0
35 1 0 0
36
0 3 0 0 1 
1 3 0 1 2 
2 3 0 2 3 
3 3 0 3 4 
4 3 0 4 5 
5 3 0 5 6 
6 3 0 6 7 
7 3 0 7 8 
8 3 0 8 9 
9 3 0 9 10 
10 3 0 10 11 
11 3 0 11 12 
12 3 0 12 13 
13 3 0 13 14 
14 3 0 14 15 
15 3 0 15 16 
16 3 0 16 17 
17 3 0 17 18 
18 3 0 18 19 
19 3 0 19 20 
20 3 0 20 21 
21 3 0 21 22 
22 3 0 22 23 
23 3 0 23 24 
24 3 0 24 25 
25 3 0 25 26 
26 3 0 26 27 
27 3 0 27 28 
28 3 0 28 29 
29 3 0 29 30 
30 3 0 30 31 
31 3 0 31 32 
32 3 0 32 33 
33 3 0 33 34 
34 3 0 34 35 
35 6 0 
1 35 
2 0 
3 1 
4 2 
5 3 
6 4 
7 5 
8 6 
9 7 
10 8 
11 9 
12 10 
13 11 
14 12 
15 13 
16 14 
17 15 
18 16 
19 17 
20 18 
21 19 
22 20 
23 21 
24 22 
25 23 
26 24 
27 25 
28 26 
29 27 
30 28 
31 29 
32 30 
33 31 
34 32 
35 33 

