26
0 0 0 0
1 0.04 0 0
2 0.08 0 0
3 0.12 0 0
4 0.16 0 0
5 0.2 0 0
6 0.24 0 0
7 0.28 0 0
8 0.32 0 0
9 0.36 0 0
10 0.4 0 0
11 0.44 0 0
12 0.48 0 0
13 0.52 0 0
14 0.56 0 0
15 0.6 0 0
16 0.64 0 0
17 0.68 0 0
18 0.72 0 0
19 0.76 0 0
20 0.8 0 0
21 0.84 0 0
22 0.88 0 0
23 0.92 0 0
24 0.96 0 0
25 1 0 0
26
0 3 0 0 1 
1 3 0 1 2 
2 3 0 2 3 
3 3 0 3 4 
4 3 0 4 5 
5 3 0 5 6 
6 3 0 6 7 
7 3 0 7 8 
8 3 0 8 9 
9 3 0 9 10 
10 3 0 10 11 
11 3 0 11 12 
12 3 0 12 13 
13 3 0 13 14 
14 3 0 14 15 
15 3 0 15 16 
16 3 0 16 17 
17 3 0 17 18 
18 3 0 18 19 
19 3 0 19 20 
20 3 0 20 21 
21 3 0 21 22 
22 3 0 22 23 
23 3 0 23 24 
24 3 0 24 25 
25 6 0 
1 25 
2 0 
3 1 
4 2 
5 3 
6 4 
7 5 
8 6 
9 7 
10 8 
11 9 
12 10 
13 11 
14 12 
15 13 
16 14 
17 15 
18 16 
19 17 
20 18 
21 19 
22 20 
23 21 
24 22 
25 23 

