31
0 0 0 0
1 0.0333333 0 0
2 0.0666667 0 0
3 0.1 0 0
4 0.133333 0 0
5 0.166667 0 0
6 0.2 0 0
7 0.233333 0 0
8 0.266667 0 0
9 0.3 0 0
10 0.333333 0 0
11 0.366667 0 0
12 0.4 0 0
13 0.433333 0 0
14 0.466667 0 0
15 0.5 0 0
16 0.533333 0 0
17 0.566667 0 0
18 0.6 0 0
19 0.633333 0 0
20 0.666667 0 0
21 0.7 0 0
22 0.733333 0 0
23 0.766667 0 0
24 0.8 0 0
25 0.833333 0 0
26 0.866667 0 0
27 0.9 0 0
28 0.933333 0 0
29 0.966667 0 0
30 1 0 0
31
0 3 0 0 1 
1 3 0 1 2 
2 3 0 2 3 
3 3 0 3 4 
4 3 0 4 5 
5 3 0 5 6 
6 3 0 6 7 
7 3 0 7 8 
8 3 0 8 9 
9 3 0 9 10 
10 3 0 10 11 
11 3 0 11 12 
12 3 0 12 13 
13 3 0 13 14 
14 3 0 14 15 
15 3 1 15 16 
16 3 1 16 17 
17 3 1 17 18 
18 3 1 18 19 
19 3 1 19 20 
20 3 1 20 21 
21 3 1 21 22 
22 3 1 22 23 
23 3 1 23 24 
24 3 1 24 25 
25 3 1 25 26 
26 3 1 26 27 
27 3 1 27 28 
28 3 1 28 29 
29 3 1 29 30 
30 6 0 
1 30 
2 0 
3 1 
4 2 
5 3 
6 4 
7 5 
8 6 
9 7 
10 8 
11 9 
12 10 
13 11 
14 12 
15 13 
16 14 
17 15 
18 16 
19 17 
20 18 
21 19 
22 20 
23 21 
24 22 
25 23 
26 24 
27 25 
28 26 
29 27 
30 28 

