961
0 0 0 0
1 0 0.0333333 0
2 0 0.0666667 0
3 0 0.1 0
4 0 0.133333 0
5 0 0.166667 0
6 0 0.2 0
7 0 0.233333 0
8 0 0.266667 0
9 0 0.3 0
10 0 0.333333 0
11 0 0.366667 0
12 0 0.4 0
13 0 0.433333 0
14 0 0.466667 0
15 0 0.5 0
16 0 0.533333 0
17 0 0.566667 0
18 0 0.6 0
19 0 0.633333 0
20 0 0.666667 0
21 0 0.7 0
22 0 0.733333 0
23 0 0.766667 0
24 0 0.8 0
25 0 0.833333 0
26 0 0.866667 0
27 0 0.9 0
28 0 0.933333 0
29 0 0.966667 0
30 0 1 0
31 0.0333333 0 0
32 0.0333333 0.0333333 0
33 0.0333333 0.0666667 0
34 0.0333333 0.1 0
35 0.0333333 0.133333 0
36 0.0333333 0.166667 0
37 0.0333333 0.2 0
38 0.0333333 0.233333 0
39 0.0333333 0.266667 0
40 0.0333333 0.3 0
41 0.0333333 0.333333 0
42 0.0333333 0.366667 0
43 0.0333333 0.4 0
44 0.0333333 0.433333 0
45 0.0333333 0.466667 0
46 0.0333333 0.5 0
47 0.0333333 0.533333 0
48 0.0333333 0.566667 0
49 0.0333333 0.6 0
50 0.0333333 0.633333 0
51 0.0333333 0.666667 0
52 0.0333333 0.7 0
53 0.0333333 0.733333 0
54 0.0333333 0.766667 0
55 0.0333333 0.8 0
56 0.0333333 0.833333 0
57 0.0333333 0.866667 0
58 0.0333333 0.9 0
59 0.0333333 0.933333 0
60 0.0333333 0.966667 0
61 0.0333333 1 0
62 0.0666667 0 0
63 0.0666667 0.0333333 0
64 0.0666667 0.0666667 0
65 0.0666667 0.1 0
66 0.0666667 0.133333 0
67 0.0666667 0.166667 0
68 0.0666667 0.2 0
69 0.0666667 0.233333 0
70 0.0666667 0.266667 0
71 0.0666667 0.3 0
72 0.0666667 0.333333 0
73 0.0666667 0.366667 0
74 0.0666667 0.4 0
75 0.0666667 0.433333 0
76 0.0666667 0.466667 0
77 0.0666667 0.5 0
78 0.0666667 0.533333 0
79 0.0666667 0.566667 0
80 0.0666667 0.6 0
81 0.0666667 0.633333 0
82 0.0666667 0.666667 0
83 0.0666667 0.7 0
84 0.0666667 0.733333 0
85 0.0666667 0.766667 0
86 0.0666667 0.8 0
87 0.0666667 0.833333 0
88 0.0666667 0.866667 0
89 0.0666667 0.9 0
90 0.0666667 0.933333 0
91 0.0666667 0.966667 0
92 0.0666667 1 0
93 0.1 0 0
94 0.1 0.0333333 0
95 0.1 0.0666667 0
96 0.1 0.1 0
97 0.1 0.133333 0
98 0.1 0.166667 0
99 0.1 0.2 0
100 0.1 0.233333 0
101 0.1 0.266667 0
102 0.1 0.3 0
103 0.1 0.333333 0
104 0.1 0.366667 0
105 0.1 0.4 0
106 0.1 0.433333 0
107 0.1 0.466667 0
108 0.1 0.5 0
109 0.1 0.533333 0
110 0.1 0.566667 0
111 0.1 0.6 0
112 0.1 0.633333 0
113 0.1 0.666667 0
114 0.1 0.7 0
115 0.1 0.733333 0
116 0.1 0.766667 0
117 0.1 0.8 0
118 0.1 0.833333 0
119 0.1 0.866667 0
120 0.1 0.9 0
121 0.1 0.933333 0
122 0.1 0.966667 0
123 0.1 1 0
124 0.133333 0 0
125 0.133333 0.0333333 0
126 0.133333 0.0666667 0
127 0.133333 0.1 0
128 0.133333 0.133333 0
129 0.133333 0.166667 0
130 0.133333 0.2 0
131 0.133333 0.233333 0
132 0.133333 0.266667 0
133 0.133333 0.3 0
134 0.133333 0.333333 0
135 0.133333 0.366667 0
136 0.133333 0.4 0
137 0.133333 0.433333 0
138 0.133333 0.466667 0
139 0.133333 0.5 0
140 0.133333 0.533333 0
141 0.133333 0.566667 0
142 0.133333 0.6 0
143 0.133333 0.633333 0
144 0.133333 0.666667 0
145 0.133333 0.7 0
146 0.133333 0.733333 0
147 0.133333 0.766667 0
148 0.133333 0.8 0
149 0.133333 0.833333 0
150 0.133333 0.866667 0
151 0.133333 0.9 0
152 0.133333 0.933333 0
153 0.133333 0.966667 0
154 0.133333 1 0
155 0.166667 0 0
156 0.166667 0.0333333 0
157 0.166667 0.0666667 0
158 0.166667 0.1 0
159 0.166667 0.133333 0
160 0.166667 0.166667 0
161 0.166667 0.2 0
162 0.166667 0.233333 0
163 0.166667 0.266667 0
164 0.166667 0.3 0
165 0.166667 0.333333 0
166 0.166667 0.366667 0
167 0.166667 0.4 0
168 0.166667 0.433333 0
169 0.166667 0.466667 0
170 0.166667 0.5 0
171 0.166667 0.533333 0
172 0.166667 0.566667 0
173 0.166667 0.6 0
174 0.166667 0.633333 0
175 0.166667 0.666667 0
176 0.166667 0.7 0
177 0.166667 0.733333 0
178 0.166667 0.766667 0
179 0.166667 0.8 0
180 0.166667 0.833333 0
181 0.166667 0.866667 0
182 0.166667 0.9 0
183 0.166667 0.933333 0
184 0.166667 0.966667 0
185 0.166667 1 0
186 0.2 0 0
187 0.2 0.0333333 0
188 0.2 0.0666667 0
189 0.2 0.1 0
190 0.2 0.133333 0
191 0.2 0.166667 0
192 0.2 0.2 0
193 0.2 0.233333 0
194 0.2 0.266667 0
195 0.2 0.3 0
196 0.2 0.333333 0
197 0.2 0.366667 0
198 0.2 0.4 0
199 0.2 0.433333 0
200 0.2 0.466667 0
201 0.2 0.5 0
202 0.2 0.533333 0
203 0.2 0.566667 0
204 0.2 0.6 0
205 0.2 0.633333 0
206 0.2 0.666667 0
207 0.2 0.7 0
208 0.2 0.733333 0
209 0.2 0.766667 0
210 0.2 0.8 0
211 0.2 0.833333 0
212 0.2 0.866667 0
213 0.2 0.9 0
214 0.2 0.933333 0
215 0.2 0.966667 0
216 0.2 1 0
217 0.233333 0 0
218 0.233333 0.0333333 0
219 0.233333 0.0666667 0
220 0.233333 0.1 0
221 0.233333 0.133333 0
222 0.233333 0.166667 0
223 0.233333 0.2 0
224 0.233333 0.233333 0
225 0.233333 0.266667 0
226 0.233333 0.3 0
227 0.233333 0.333333 0
228 0.233333 0.366667 0
229 0.233333 0.4 0
230 0.233333 0.433333 0
231 0.233333 0.466667 0
232 0.233333 0.5 0
233 0.233333 0.533333 0
234 0.233333 0.566667 0
235 0.233333 0.6 0
236 0.233333 0.633333 0
237 0.233333 0.666667 0
238 0.233333 0.7 0
239 0.233333 0.733333 0
240 0.233333 0.766667 0
241 0.233333 0.8 0
242 0.233333 0.833333 0
243 0.233333 0.866667 0
244 0.233333 0.9 0
245 0.233333 0.933333 0
246 0.233333 0.966667 0
247 0.233333 1 0
248 0.266667 0 0
249 0.266667 0.0333333 0
250 0.266667 0.0666667 0
251 0.266667 0.1 0
252 0.266667 0.133333 0
253 0.266667 0.166667 0
254 0.266667 0.2 0
255 0.266667 0.233333 0
256 0.266667 0.266667 0
257 0.266667 0.3 0
258 0.266667 0.333333 0
259 0.266667 0.366667 0
260 0.266667 0.4 0
261 0.266667 0.433333 0
262 0.266667 0.466667 0
263 0.266667 0.5 0
264 0.266667 0.533333 0
265 0.266667 0.566667 0
266 0.266667 0.6 0
267 0.266667 0.633333 0
268 0.266667 0.666667 0
269 0.266667 0.7 0
270 0.266667 0.733333 0
271 0.266667 0.766667 0
272 0.266667 0.8 0
273 0.266667 0.833333 0
274 0.266667 0.866667 0
275 0.266667 0.9 0
276 0.266667 0.933333 0
277 0.266667 0.966667 0
278 0.266667 1 0
279 0.3 0 0
280 0.3 0.0333333 0
281 0.3 0.0666667 0
282 0.3 0.1 0
283 0.3 0.133333 0
284 0.3 0.166667 0
285 0.3 0.2 0
286 0.3 0.233333 0
287 0.3 0.266667 0
288 0.3 0.3 0
289 0.3 0.333333 0
290 0.3 0.366667 0
291 0.3 0.4 0
292 0.3 0.433333 0
293 0.3 0.466667 0
294 0.3 0.5 0
295 0.3 0.533333 0
296 0.3 0.566667 0
297 0.3 0.6 0
298 0.3 0.633333 0
299 0.3 0.666667 0
300 0.3 0.7 0
301 0.3 0.733333 0
302 0.3 0.766667 0
303 0.3 0.8 0
304 0.3 0.833333 0
305 0.3 0.866667 0
306 0.3 0.9 0
307 0.3 0.933333 0
308 0.3 0.966667 0
309 0.3 1 0
310 0.333333 0 0
311 0.333333 0.0333333 0
312 0.333333 0.0666667 0
313 0.333333 0.1 0
314 0.333333 0.133333 0
315 0.333333 0.166667 0
316 0.333333 0.2 0
317 0.333333 0.233333 0
318 0.333333 0.266667 0
319 0.333333 0.3 0
320 0.333333 0.333333 0
321 0.333333 0.366667 0
322 0.333333 0.4 0
323 0.333333 0.433333 0
324 0.333333 0.466667 0
325 0.333333 0.5 0
326 0.333333 0.533333 0
327 0.333333 0.566667 0
328 0.333333 0.6 0
329 0.333333 0.633333 0
330 0.333333 0.666667 0
331 0.333333 0.7 0
332 0.333333 0.733333 0
333 0.333333 0.766667 0
334 0.333333 0.8 0
335 0.333333 0.833333 0
336 0.333333 0.866667 0
337 0.333333 0.9 0
338 0.333333 0.933333 0
339 0.333333 0.966667 0
340 0.333333 1 0
341 0.366667 0 0
342 0.366667 0.0333333 0
343 0.366667 0.0666667 0
344 0.366667 0.1 0
345 0.366667 0.133333 0
346 0.366667 0.166667 0
347 0.366667 0.2 0
348 0.366667 0.233333 0
349 0.366667 0.266667 0
350 0.366667 0.3 0
351 0.366667 0.333333 0
352 0.366667 0.366667 0
353 0.366667 0.4 0
354 0.366667 0.433333 0
355 0.366667 0.466667 0
356 0.366667 0.5 0
357 0.366667 0.533333 0
358 0.366667 0.566667 0
359 0.366667 0.6 0
360 0.366667 0.633333 0
361 0.366667 0.666667 0
362 0.366667 0.7 0
363 0.366667 0.733333 0
364 0.366667 0.766667 0
365 0.366667 0.8 0
366 0.366667 0.833333 0
367 0.366667 0.866667 0
368 0.366667 0.9 0
369 0.366667 0.933333 0
370 0.366667 0.966667 0
371 0.366667 1 0
372 0.4 0 0
373 0.4 0.0333333 0
374 0.4 0.0666667 0
375 0.4 0.1 0
376 0.4 0.133333 0
377 0.4 0.166667 0
378 0.4 0.2 0
379 0.4 0.233333 0
380 0.4 0.266667 0
381 0.4 0.3 0
382 0.4 0.333333 0
383 0.4 0.366667 0
384 0.4 0.4 0
385 0.4 0.433333 0
386 0.4 0.466667 0
387 0.4 0.5 0
388 0.4 0.533333 0
389 0.4 0.566667 0
390 0.4 0.6 0
391 0.4 0.633333 0
392 0.4 0.666667 0
393 0.4 0.7 0
394 0.4 0.733333 0
395 0.4 0.766667 0
396 0.4 0.8 0
397 0.4 0.833333 0
398 0.4 0.866667 0
399 0.4 0.9 0
400 0.4 0.933333 0
401 0.4 0.966667 0
402 0.4 1 0
403 0.433333 0 0
404 0.433333 0.0333333 0
405 0.433333 0.0666667 0
406 0.433333 0.1 0
407 0.433333 0.133333 0
408 0.433333 0.166667 0
409 0.433333 0.2 0
410 0.433333 0.233333 0
411 0.433333 0.266667 0
412 0.433333 0.3 0
413 0.433333 0.333333 0
414 0.433333 0.366667 0
415 0.433333 0.4 0
416 0.433333 0.433333 0
417 0.433333 0.466667 0
418 0.433333 0.5 0
419 0.433333 0.533333 0
420 0.433333 0.566667 0
421 0.433333 0.6 0
422 0.433333 0.633333 0
423 0.433333 0.666667 0
424 0.433333 0.7 0
425 0.433333 0.733333 0
426 0.433333 0.766667 0
427 0.433333 0.8 0
428 0.433333 0.833333 0
429 0.433333 0.866667 0
430 0.433333 0.9 0
431 0.433333 0.933333 0
432 0.433333 0.966667 0
433 0.433333 1 0
434 0.466667 0 0
435 0.466667 0.0333333 0
436 0.466667 0.0666667 0
437 0.466667 0.1 0
438 0.466667 0.133333 0
439 0.466667 0.166667 0
440 0.466667 0.2 0
441 0.466667 0.233333 0
442 0.466667 0.266667 0
443 0.466667 0.3 0
444 0.466667 0.333333 0
445 0.466667 0.366667 0
446 0.466667 0.4 0
447 0.466667 0.433333 0
448 0.466667 0.466667 0
449 0.466667 0.5 0
450 0.466667 0.533333 0
451 0.466667 0.566667 0
452 0.466667 0.6 0
453 0.466667 0.633333 0
454 0.466667 0.666667 0
455 0.466667 0.7 0
456 0.466667 0.733333 0
457 0.466667 0.766667 0
458 0.466667 0.8 0
459 0.466667 0.833333 0
460 0.466667 0.866667 0
461 0.466667 0.9 0
462 0.466667 0.933333 0
463 0.466667 0.966667 0
464 0.466667 1 0
465 0.5 0 0
466 0.5 0.0333333 0
467 0.5 0.0666667 0
468 0.5 0.1 0
469 0.5 0.133333 0
470 0.5 0.166667 0
471 0.5 0.2 0
472 0.5 0.233333 0
473 0.5 0.266667 0
474 0.5 0.3 0
475 0.5 0.333333 0
476 0.5 0.366667 0
477 0.5 0.4 0
478 0.5 0.433333 0
479 0.5 0.466667 0
480 0.5 0.5 0
481 0.5 0.533333 0
482 0.5 0.566667 0
483 0.5 0.6 0
484 0.5 0.633333 0
485 0.5 0.666667 0
486 0.5 0.7 0
487 0.5 0.733333 0
488 0.5 0.766667 0
489 0.5 0.8 0
490 0.5 0.833333 0
491 0.5 0.866667 0
492 0.5 0.9 0
493 0.5 0.933333 0
494 0.5 0.966667 0
495 0.5 1 0
496 0.533333 0 0
497 0.533333 0.0333333 0
498 0.533333 0.0666667 0
499 0.533333 0.1 0
500 0.533333 0.133333 0
501 0.533333 0.166667 0
502 0.533333 0.2 0
503 0.533333 0.233333 0
504 0.533333 0.266667 0
505 0.533333 0.3 0
506 0.533333 0.333333 0
507 0.533333 0.366667 0
508 0.533333 0.4 0
509 0.533333 0.433333 0
510 0.533333 0.466667 0
511 0.533333 0.5 0
512 0.533333 0.533333 0
513 0.533333 0.566667 0
514 0.533333 0.6 0
515 0.533333 0.633333 0
516 0.533333 0.666667 0
517 0.533333 0.7 0
518 0.533333 0.733333 0
519 0.533333 0.766667 0
520 0.533333 0.8 0
521 0.533333 0.833333 0
522 0.533333 0.866667 0
523 0.533333 0.9 0
524 0.533333 0.933333 0
525 0.533333 0.966667 0
526 0.533333 1 0
527 0.566667 0 0
528 0.566667 0.0333333 0
529 0.566667 0.0666667 0
530 0.566667 0.1 0
531 0.566667 0.133333 0
532 0.566667 0.166667 0
533 0.566667 0.2 0
534 0.566667 0.233333 0
535 0.566667 0.266667 0
536 0.566667 0.3 0
537 0.566667 0.333333 0
538 0.566667 0.366667 0
539 0.566667 0.4 0
540 0.566667 0.433333 0
541 0.566667 0.466667 0
542 0.566667 0.5 0
543 0.566667 0.533333 0
544 0.566667 0.566667 0
545 0.566667 0.6 0
546 0.566667 0.633333 0
547 0.566667 0.666667 0
548 0.566667 0.7 0
549 0.566667 0.733333 0
550 0.566667 0.766667 0
551 0.566667 0.8 0
552 0.566667 0.833333 0
553 0.566667 0.866667 0
554 0.566667 0.9 0
555 0.566667 0.933333 0
556 0.566667 0.966667 0
557 0.566667 1 0
558 0.6 0 0
559 0.6 0.0333333 0
560 0.6 0.0666667 0
561 0.6 0.1 0
562 0.6 0.133333 0
563 0.6 0.166667 0
564 0.6 0.2 0
565 0.6 0.233333 0
566 0.6 0.266667 0
567 0.6 0.3 0
568 0.6 0.333333 0
569 0.6 0.366667 0
570 0.6 0.4 0
571 0.6 0.433333 0
572 0.6 0.466667 0
573 0.6 0.5 0
574 0.6 0.533333 0
575 0.6 0.566667 0
576 0.6 0.6 0
577 0.6 0.633333 0
578 0.6 0.666667 0
579 0.6 0.7 0
580 0.6 0.733333 0
581 0.6 0.766667 0
582 0.6 0.8 0
583 0.6 0.833333 0
584 0.6 0.866667 0
585 0.6 0.9 0
586 0.6 0.933333 0
587 0.6 0.966667 0
588 0.6 1 0
589 0.633333 0 0
590 0.633333 0.0333333 0
591 0.633333 0.0666667 0
592 0.633333 0.1 0
593 0.633333 0.133333 0
594 0.633333 0.166667 0
595 0.633333 0.2 0
596 0.633333 0.233333 0
597 0.633333 0.266667 0
598 0.633333 0.3 0
599 0.633333 0.333333 0
600 0.633333 0.366667 0
601 0.633333 0.4 0
602 0.633333 0.433333 0
603 0.633333 0.466667 0
604 0.633333 0.5 0
605 0.633333 0.533333 0
606 0.633333 0.566667 0
607 0.633333 0.6 0
608 0.633333 0.633333 0
609 0.633333 0.666667 0
610 0.633333 0.7 0
611 0.633333 0.733333 0
612 0.633333 0.766667 0
613 0.633333 0.8 0
614 0.633333 0.833333 0
615 0.633333 0.866667 0
616 0.633333 0.9 0
617 0.633333 0.933333 0
618 0.633333 0.966667 0
619 0.633333 1 0
620 0.666667 0 0
621 0.666667 0.0333333 0
622 0.666667 0.0666667 0
623 0.666667 0.1 0
624 0.666667 0.133333 0
625 0.666667 0.166667 0
626 0.666667 0.2 0
627 0.666667 0.233333 0
628 0.666667 0.266667 0
629 0.666667 0.3 0
630 0.666667 0.333333 0
631 0.666667 0.366667 0
632 0.666667 0.4 0
633 0.666667 0.433333 0
634 0.666667 0.466667 0
635 0.666667 0.5 0
636 0.666667 0.533333 0
637 0.666667 0.566667 0
638 0.666667 0.6 0
639 0.666667 0.633333 0
640 0.666667 0.666667 0
641 0.666667 0.7 0
642 0.666667 0.733333 0
643 0.666667 0.766667 0
644 0.666667 0.8 0
645 0.666667 0.833333 0
646 0.666667 0.866667 0
647 0.666667 0.9 0
648 0.666667 0.933333 0
649 0.666667 0.966667 0
650 0.666667 1 0
651 0.7 0 0
652 0.7 0.0333333 0
653 0.7 0.0666667 0
654 0.7 0.1 0
655 0.7 0.133333 0
656 0.7 0.166667 0
657 0.7 0.2 0
658 0.7 0.233333 0
659 0.7 0.266667 0
660 0.7 0.3 0
661 0.7 0.333333 0
662 0.7 0.366667 0
663 0.7 0.4 0
664 0.7 0.433333 0
665 0.7 0.466667 0
666 0.7 0.5 0
667 0.7 0.533333 0
668 0.7 0.566667 0
669 0.7 0.6 0
670 0.7 0.633333 0
671 0.7 0.666667 0
672 0.7 0.7 0
673 0.7 0.733333 0
674 0.7 0.766667 0
675 0.7 0.8 0
676 0.7 0.833333 0
677 0.7 0.866667 0
678 0.7 0.9 0
679 0.7 0.933333 0
680 0.7 0.966667 0
681 0.7 1 0
682 0.733333 0 0
683 0.733333 0.0333333 0
684 0.733333 0.0666667 0
685 0.733333 0.1 0
686 0.733333 0.133333 0
687 0.733333 0.166667 0
688 0.733333 0.2 0
689 0.733333 0.233333 0
690 0.733333 0.266667 0
691 0.733333 0.3 0
692 0.733333 0.333333 0
693 0.733333 0.366667 0
694 0.733333 0.4 0
695 0.733333 0.433333 0
696 0.733333 0.466667 0
697 0.733333 0.5 0
698 0.733333 0.533333 0
699 0.733333 0.566667 0
700 0.733333 0.6 0
701 0.733333 0.633333 0
702 0.733333 0.666667 0
703 0.733333 0.7 0
704 0.733333 0.733333 0
705 0.733333 0.766667 0
706 0.733333 0.8 0
707 0.733333 0.833333 0
708 0.733333 0.866667 0
709 0.733333 0.9 0
710 0.733333 0.933333 0
711 0.733333 0.966667 0
712 0.733333 1 0
713 0.766667 0 0
714 0.766667 0.0333333 0
715 0.766667 0.0666667 0
716 0.766667 0.1 0
717 0.766667 0.133333 0
718 0.766667 0.166667 0
719 0.766667 0.2 0
720 0.766667 0.233333 0
721 0.766667 0.266667 0
722 0.766667 0.3 0
723 0.766667 0.333333 0
724 0.766667 0.366667 0
725 0.766667 0.4 0
726 0.766667 0.433333 0
727 0.766667 0.466667 0
728 0.766667 0.5 0
729 0.766667 0.533333 0
730 0.766667 0.566667 0
731 0.766667 0.6 0
732 0.766667 0.633333 0
733 0.766667 0.666667 0
734 0.766667 0.7 0
735 0.766667 0.733333 0
736 0.766667 0.766667 0
737 0.766667 0.8 0
738 0.766667 0.833333 0
739 0.766667 0.866667 0
740 0.766667 0.9 0
741 0.766667 0.933333 0
742 0.766667 0.966667 0
743 0.766667 1 0
744 0.8 0 0
745 0.8 0.0333333 0
746 0.8 0.0666667 0
747 0.8 0.1 0
748 0.8 0.133333 0
749 0.8 0.166667 0
750 0.8 0.2 0
751 0.8 0.233333 0
752 0.8 0.266667 0
753 0.8 0.3 0
754 0.8 0.333333 0
755 0.8 0.366667 0
756 0.8 0.4 0
757 0.8 0.433333 0
758 0.8 0.466667 0
759 0.8 0.5 0
760 0.8 0.533333 0
761 0.8 0.566667 0
762 0.8 0.6 0
763 0.8 0.633333 0
764 0.8 0.666667 0
765 0.8 0.7 0
766 0.8 0.733333 0
767 0.8 0.766667 0
768 0.8 0.8 0
769 0.8 0.833333 0
770 0.8 0.866667 0
771 0.8 0.9 0
772 0.8 0.933333 0
773 0.8 0.966667 0
774 0.8 1 0
775 0.833333 0 0
776 0.833333 0.0333333 0
777 0.833333 0.0666667 0
778 0.833333 0.1 0
779 0.833333 0.133333 0
780 0.833333 0.166667 0
781 0.833333 0.2 0
782 0.833333 0.233333 0
783 0.833333 0.266667 0
784 0.833333 0.3 0
785 0.833333 0.333333 0
786 0.833333 0.366667 0
787 0.833333 0.4 0
788 0.833333 0.433333 0
789 0.833333 0.466667 0
790 0.833333 0.5 0
791 0.833333 0.533333 0
792 0.833333 0.566667 0
793 0.833333 0.6 0
794 0.833333 0.633333 0
795 0.833333 0.666667 0
796 0.833333 0.7 0
797 0.833333 0.733333 0
798 0.833333 0.766667 0
799 0.833333 0.8 0
800 0.833333 0.833333 0
801 0.833333 0.866667 0
802 0.833333 0.9 0
803 0.833333 0.933333 0
804 0.833333 0.966667 0
805 0.833333 1 0
806 0.866667 0 0
807 0.866667 0.0333333 0
808 0.866667 0.0666667 0
809 0.866667 0.1 0
810 0.866667 0.133333 0
811 0.866667 0.166667 0
812 0.866667 0.2 0
813 0.866667 0.233333 0
814 0.866667 0.266667 0
815 0.866667 0.3 0
816 0.866667 0.333333 0
817 0.866667 0.366667 0
818 0.866667 0.4 0
819 0.866667 0.433333 0
820 0.866667 0.466667 0
821 0.866667 0.5 0
822 0.866667 0.533333 0
823 0.866667 0.566667 0
824 0.866667 0.6 0
825 0.866667 0.633333 0
826 0.866667 0.666667 0
827 0.866667 0.7 0
828 0.866667 0.733333 0
829 0.866667 0.766667 0
830 0.866667 0.8 0
831 0.866667 0.833333 0
832 0.866667 0.866667 0
833 0.866667 0.9 0
834 0.866667 0.933333 0
835 0.866667 0.966667 0
836 0.866667 1 0
837 0.9 0 0
838 0.9 0.0333333 0
839 0.9 0.0666667 0
840 0.9 0.1 0
841 0.9 0.133333 0
842 0.9 0.166667 0
843 0.9 0.2 0
844 0.9 0.233333 0
845 0.9 0.266667 0
846 0.9 0.3 0
847 0.9 0.333333 0
848 0.9 0.366667 0
849 0.9 0.4 0
850 0.9 0.433333 0
851 0.9 0.466667 0
852 0.9 0.5 0
853 0.9 0.533333 0
854 0.9 0.566667 0
855 0.9 0.6 0
856 0.9 0.633333 0
857 0.9 0.666667 0
858 0.9 0.7 0
859 0.9 0.733333 0
860 0.9 0.766667 0
861 0.9 0.8 0
862 0.9 0.833333 0
863 0.9 0.866667 0
864 0.9 0.9 0
865 0.9 0.933333 0
866 0.9 0.966667 0
867 0.9 1 0
868 0.933333 0 0
869 0.933333 0.0333333 0
870 0.933333 0.0666667 0
871 0.933333 0.1 0
872 0.933333 0.133333 0
873 0.933333 0.166667 0
874 0.933333 0.2 0
875 0.933333 0.233333 0
876 0.933333 0.266667 0
877 0.933333 0.3 0
878 0.933333 0.333333 0
879 0.933333 0.366667 0
880 0.933333 0.4 0
881 0.933333 0.433333 0
882 0.933333 0.466667 0
883 0.933333 0.5 0
884 0.933333 0.533333 0
885 0.933333 0.566667 0
886 0.933333 0.6 0
887 0.933333 0.633333 0
888 0.933333 0.666667 0
889 0.933333 0.7 0
890 0.933333 0.733333 0
891 0.933333 0.766667 0
892 0.933333 0.8 0
893 0.933333 0.833333 0
894 0.933333 0.866667 0
895 0.933333 0.9 0
896 0.933333 0.933333 0
897 0.933333 0.966667 0
898 0.933333 1 0
899 0.966667 0 0
900 0.966667 0.0333333 0
901 0.966667 0.0666667 0
902 0.966667 0.1 0
903 0.966667 0.133333 0
904 0.966667 0.166667 0
905 0.966667 0.2 0
906 0.966667 0.233333 0
907 0.966667 0.266667 0
908 0.966667 0.3 0
909 0.966667 0.333333 0
910 0.966667 0.366667 0
911 0.966667 0.4 0
912 0.966667 0.433333 0
913 0.966667 0.466667 0
914 0.966667 0.5 0
915 0.966667 0.533333 0
916 0.966667 0.566667 0
917 0.966667 0.6 0
918 0.966667 0.633333 0
919 0.966667 0.666667 0
920 0.966667 0.7 0
921 0.966667 0.733333 0
922 0.966667 0.766667 0
923 0.966667 0.8 0
924 0.966667 0.833333 0
925 0.966667 0.866667 0
926 0.966667 0.9 0
927 0.966667 0.933333 0
928 0.966667 0.966667 0
929 0.966667 1 0
930 1 0 0
931 1 0.0333333 0
932 1 0.0666667 0
933 1 0.1 0
934 1 0.133333 0
935 1 0.166667 0
936 1 0.2 0
937 1 0.233333 0
938 1 0.266667 0
939 1 0.3 0
940 1 0.333333 0
941 1 0.366667 0
942 1 0.4 0
943 1 0.433333 0
944 1 0.466667 0
945 1 0.5 0
946 1 0.533333 0
947 1 0.566667 0
948 1 0.6 0
949 1 0.633333 0
950 1 0.666667 0
951 1 0.7 0
952 1 0.733333 0
953 1 0.766667 0
954 1 0.8 0
955 1 0.833333 0
956 1 0.866667 0
957 1 0.9 0
958 1 0.933333 0
959 1 0.966667 0
960 1 1 0
1801
0 4 0 0 31 32 
1 4 0 0 32 1 
2 4 0 1 32 33 
3 4 0 1 33 2 
4 4 0 2 33 34 
5 4 0 2 34 3 
6 4 0 3 34 35 
7 4 0 3 35 4 
8 4 0 4 35 36 
9 4 0 4 36 5 
10 4 0 5 36 37 
11 4 0 5 37 6 
12 4 0 6 37 38 
13 4 0 6 38 7 
14 4 0 7 38 39 
15 4 0 7 39 8 
16 4 0 8 39 40 
17 4 0 8 40 9 
18 4 0 9 40 41 
19 4 0 9 41 10 
20 4 0 10 41 42 
21 4 0 10 42 11 
22 4 0 11 42 43 
23 4 0 11 43 12 
24 4 0 12 43 44 
25 4 0 12 44 13 
26 4 0 13 44 45 
27 4 0 13 45 14 
28 4 0 14 45 46 
29 4 0 14 46 15 
30 4 0 15 46 47 
31 4 0 15 47 16 
32 4 0 16 47 48 
33 4 0 16 48 17 
34 4 0 17 48 49 
35 4 0 17 49 18 
36 4 0 18 49 50 
37 4 0 18 50 19 
38 4 0 19 50 51 
39 4 0 19 51 20 
40 4 0 20 51 52 
41 4 0 20 52 21 
42 4 0 21 52 53 
43 4 0 21 53 22 
44 4 0 22 53 54 
45 4 0 22 54 23 
46 4 0 23 54 55 
47 4 0 23 55 24 
48 4 0 24 55 56 
49 4 0 24 56 25 
50 4 0 25 56 57 
51 4 0 25 57 26 
52 4 0 26 57 58 
53 4 0 26 58 27 
54 4 0 27 58 59 
55 4 0 27 59 28 
56 4 0 28 59 60 
57 4 0 28 60 29 
58 4 0 29 60 61 
59 4 0 29 61 30 
60 4 0 31 62 63 
61 4 0 31 63 32 
62 4 0 32 63 64 
63 4 0 32 64 33 
64 4 0 33 64 65 
65 4 0 33 65 34 
66 4 0 34 65 66 
67 4 0 34 66 35 
68 4 0 35 66 67 
69 4 0 35 67 36 
70 4 0 36 67 68 
71 4 0 36 68 37 
72 4 0 37 68 69 
73 4 0 37 69 38 
74 4 0 38 69 70 
75 4 0 38 70 39 
76 4 0 39 70 71 
77 4 0 39 71 40 
78 4 0 40 71 72 
79 4 0 40 72 41 
80 4 0 41 72 73 
81 4 0 41 73 42 
82 4 0 42 73 74 
83 4 0 42 74 43 
84 4 0 43 74 75 
85 4 0 43 75 44 
86 4 0 44 75 76 
87 4 0 44 76 45 
88 4 0 45 76 77 
89 4 0 45 77 46 
90 4 0 46 77 78 
91 4 0 46 78 47 
92 4 0 47 78 79 
93 4 0 47 79 48 
94 4 0 48 79 80 
95 4 0 48 80 49 
96 4 0 49 80 81 
97 4 0 49 81 50 
98 4 0 50 81 82 
99 4 0 50 82 51 
100 4 0 51 82 83 
101 4 0 51 83 52 
102 4 0 52 83 84 
103 4 0 52 84 53 
104 4 0 53 84 85 
105 4 0 53 85 54 
106 4 0 54 85 86 
107 4 0 54 86 55 
108 4 0 55 86 87 
109 4 0 55 87 56 
110 4 0 56 87 88 
111 4 0 56 88 57 
112 4 0 57 88 89 
113 4 0 57 89 58 
114 4 0 58 89 90 
115 4 0 58 90 59 
116 4 0 59 90 91 
117 4 0 59 91 60 
118 4 0 60 91 92 
119 4 0 60 92 61 
120 4 0 62 93 94 
121 4 0 62 94 63 
122 4 0 63 94 95 
123 4 0 63 95 64 
124 4 0 64 95 96 
125 4 0 64 96 65 
126 4 0 65 96 97 
127 4 0 65 97 66 
128 4 0 66 97 98 
129 4 0 66 98 67 
130 4 0 67 98 99 
131 4 0 67 99 68 
132 4 0 68 99 100 
133 4 0 68 100 69 
134 4 0 69 100 101 
135 4 0 69 101 70 
136 4 0 70 101 102 
137 4 0 70 102 71 
138 4 0 71 102 103 
139 4 0 71 103 72 
140 4 0 72 103 104 
141 4 0 72 104 73 
142 4 0 73 104 105 
143 4 0 73 105 74 
144 4 0 74 105 106 
145 4 0 74 106 75 
146 4 0 75 106 107 
147 4 0 75 107 76 
148 4 0 76 107 108 
149 4 0 76 108 77 
150 4 0 77 108 109 
151 4 0 77 109 78 
152 4 0 78 109 110 
153 4 0 78 110 79 
154 4 0 79 110 111 
155 4 0 79 111 80 
156 4 0 80 111 112 
157 4 0 80 112 81 
158 4 0 81 112 113 
159 4 0 81 113 82 
160 4 0 82 113 114 
161 4 0 82 114 83 
162 4 0 83 114 115 
163 4 0 83 115 84 
164 4 0 84 115 116 
165 4 0 84 116 85 
166 4 0 85 116 117 
167 4 0 85 117 86 
168 4 0 86 117 118 
169 4 0 86 118 87 
170 4 0 87 118 119 
171 4 0 87 119 88 
172 4 0 88 119 120 
173 4 0 88 120 89 
174 4 0 89 120 121 
175 4 0 89 121 90 
176 4 0 90 121 122 
177 4 0 90 122 91 
178 4 0 91 122 123 
179 4 0 91 123 92 
180 4 0 93 124 125 
181 4 0 93 125 94 
182 4 0 94 125 126 
183 4 0 94 126 95 
184 4 0 95 126 127 
185 4 0 95 127 96 
186 4 0 96 127 128 
187 4 0 96 128 97 
188 4 0 97 128 129 
189 4 0 97 129 98 
190 4 0 98 129 130 
191 4 0 98 130 99 
192 4 0 99 130 131 
193 4 0 99 131 100 
194 4 0 100 131 132 
195 4 0 100 132 101 
196 4 0 101 132 133 
197 4 0 101 133 102 
198 4 0 102 133 134 
199 4 0 102 134 103 
200 4 0 103 134 135 
201 4 0 103 135 104 
202 4 0 104 135 136 
203 4 0 104 136 105 
204 4 0 105 136 137 
205 4 0 105 137 106 
206 4 0 106 137 138 
207 4 0 106 138 107 
208 4 0 107 138 139 
209 4 0 107 139 108 
210 4 0 108 139 140 
211 4 0 108 140 109 
212 4 0 109 140 141 
213 4 0 109 141 110 
214 4 0 110 141 142 
215 4 0 110 142 111 
216 4 0 111 142 143 
217 4 0 111 143 112 
218 4 0 112 143 144 
219 4 0 112 144 113 
220 4 0 113 144 145 
221 4 0 113 145 114 
222 4 0 114 145 146 
223 4 0 114 146 115 
224 4 0 115 146 147 
225 4 0 115 147 116 
226 4 0 116 147 148 
227 4 0 116 148 117 
228 4 0 117 148 149 
229 4 0 117 149 118 
230 4 0 118 149 150 
231 4 0 118 150 119 
232 4 0 119 150 151 
233 4 0 119 151 120 
234 4 0 120 151 152 
235 4 0 120 152 121 
236 4 0 121 152 153 
237 4 0 121 153 122 
238 4 0 122 153 154 
239 4 0 122 154 123 
240 4 0 124 155 156 
241 4 0 124 156 125 
242 4 0 125 156 157 
243 4 0 125 157 126 
244 4 0 126 157 158 
245 4 0 126 158 127 
246 4 0 127 158 159 
247 4 0 127 159 128 
248 4 0 128 159 160 
249 4 0 128 160 129 
250 4 0 129 160 161 
251 4 0 129 161 130 
252 4 0 130 161 162 
253 4 0 130 162 131 
254 4 0 131 162 163 
255 4 0 131 163 132 
256 4 0 132 163 164 
257 4 0 132 164 133 
258 4 0 133 164 165 
259 4 0 133 165 134 
260 4 0 134 165 166 
261 4 0 134 166 135 
262 4 0 135 166 167 
263 4 0 135 167 136 
264 4 0 136 167 168 
265 4 0 136 168 137 
266 4 0 137 168 169 
267 4 0 137 169 138 
268 4 0 138 169 170 
269 4 0 138 170 139 
270 4 0 139 170 171 
271 4 0 139 171 140 
272 4 0 140 171 172 
273 4 0 140 172 141 
274 4 0 141 172 173 
275 4 0 141 173 142 
276 4 0 142 173 174 
277 4 0 142 174 143 
278 4 0 143 174 175 
279 4 0 143 175 144 
280 4 0 144 175 176 
281 4 0 144 176 145 
282 4 0 145 176 177 
283 4 0 145 177 146 
284 4 0 146 177 178 
285 4 0 146 178 147 
286 4 0 147 178 179 
287 4 0 147 179 148 
288 4 0 148 179 180 
289 4 0 148 180 149 
290 4 0 149 180 181 
291 4 0 149 181 150 
292 4 0 150 181 182 
293 4 0 150 182 151 
294 4 0 151 182 183 
295 4 0 151 183 152 
296 4 0 152 183 184 
297 4 0 152 184 153 
298 4 0 153 184 185 
299 4 0 153 185 154 
300 4 0 155 186 187 
301 4 0 155 187 156 
302 4 0 156 187 188 
303 4 0 156 188 157 
304 4 0 157 188 189 
305 4 0 157 189 158 
306 4 0 158 189 190 
307 4 0 158 190 159 
308 4 0 159 190 191 
309 4 0 159 191 160 
310 4 0 160 191 192 
311 4 0 160 192 161 
312 4 0 161 192 193 
313 4 0 161 193 162 
314 4 0 162 193 194 
315 4 0 162 194 163 
316 4 0 163 194 195 
317 4 0 163 195 164 
318 4 0 164 195 196 
319 4 0 164 196 165 
320 4 0 165 196 197 
321 4 0 165 197 166 
322 4 0 166 197 198 
323 4 0 166 198 167 
324 4 0 167 198 199 
325 4 0 167 199 168 
326 4 0 168 199 200 
327 4 0 168 200 169 
328 4 0 169 200 201 
329 4 0 169 201 170 
330 4 0 170 201 202 
331 4 0 170 202 171 
332 4 0 171 202 203 
333 4 0 171 203 172 
334 4 0 172 203 204 
335 4 0 172 204 173 
336 4 0 173 204 205 
337 4 0 173 205 174 
338 4 0 174 205 206 
339 4 0 174 206 175 
340 4 0 175 206 207 
341 4 0 175 207 176 
342 4 0 176 207 208 
343 4 0 176 208 177 
344 4 0 177 208 209 
345 4 0 177 209 178 
346 4 0 178 209 210 
347 4 0 178 210 179 
348 4 0 179 210 211 
349 4 0 179 211 180 
350 4 0 180 211 212 
351 4 0 180 212 181 
352 4 0 181 212 213 
353 4 0 181 213 182 
354 4 0 182 213 214 
355 4 0 182 214 183 
356 4 0 183 214 215 
357 4 0 183 215 184 
358 4 0 184 215 216 
359 4 0 184 216 185 
360 4 0 186 217 218 
361 4 0 186 218 187 
362 4 0 187 218 219 
363 4 0 187 219 188 
364 4 0 188 219 220 
365 4 0 188 220 189 
366 4 0 189 220 221 
367 4 0 189 221 190 
368 4 0 190 221 222 
369 4 0 190 222 191 
370 4 0 191 222 223 
371 4 0 191 223 192 
372 4 0 192 223 224 
373 4 0 192 224 193 
374 4 0 193 224 225 
375 4 0 193 225 194 
376 4 0 194 225 226 
377 4 0 194 226 195 
378 4 0 195 226 227 
379 4 0 195 227 196 
380 4 0 196 227 228 
381 4 0 196 228 197 
382 4 0 197 228 229 
383 4 0 197 229 198 
384 4 0 198 229 230 
385 4 0 198 230 199 
386 4 0 199 230 231 
387 4 0 199 231 200 
388 4 0 200 231 232 
389 4 0 200 232 201 
390 4 0 201 232 233 
391 4 0 201 233 202 
392 4 0 202 233 234 
393 4 0 202 234 203 
394 4 0 203 234 235 
395 4 0 203 235 204 
396 4 0 204 235 236 
397 4 0 204 236 205 
398 4 0 205 236 237 
399 4 0 205 237 206 
400 4 0 206 237 238 
401 4 0 206 238 207 
402 4 0 207 238 239 
403 4 0 207 239 208 
404 4 0 208 239 240 
405 4 0 208 240 209 
406 4 0 209 240 241 
407 4 0 209 241 210 
408 4 0 210 241 242 
409 4 0 210 242 211 
410 4 0 211 242 243 
411 4 0 211 243 212 
412 4 0 212 243 244 
413 4 0 212 244 213 
414 4 0 213 244 245 
415 4 0 213 245 214 
416 4 0 214 245 246 
417 4 0 214 246 215 
418 4 0 215 246 247 
419 4 0 215 247 216 
420 4 0 217 248 249 
421 4 0 217 249 218 
422 4 0 218 249 250 
423 4 0 218 250 219 
424 4 0 219 250 251 
425 4 0 219 251 220 
426 4 0 220 251 252 
427 4 0 220 252 221 
428 4 0 221 252 253 
429 4 0 221 253 222 
430 4 0 222 253 254 
431 4 0 222 254 223 
432 4 0 223 254 255 
433 4 0 223 255 224 
434 4 0 224 255 256 
435 4 0 224 256 225 
436 4 0 225 256 257 
437 4 0 225 257 226 
438 4 0 226 257 258 
439 4 0 226 258 227 
440 4 0 227 258 259 
441 4 0 227 259 228 
442 4 0 228 259 260 
443 4 0 228 260 229 
444 4 0 229 260 261 
445 4 0 229 261 230 
446 4 0 230 261 262 
447 4 0 230 262 231 
448 4 0 231 262 263 
449 4 0 231 263 232 
450 4 0 232 263 264 
451 4 0 232 264 233 
452 4 0 233 264 265 
453 4 0 233 265 234 
454 4 0 234 265 266 
455 4 0 234 266 235 
456 4 0 235 266 267 
457 4 0 235 267 236 
458 4 0 236 267 268 
459 4 0 236 268 237 
460 4 0 237 268 269 
461 4 0 237 269 238 
462 4 0 238 269 270 
463 4 0 238 270 239 
464 4 0 239 270 271 
465 4 0 239 271 240 
466 4 0 240 271 272 
467 4 0 240 272 241 
468 4 0 241 272 273 
469 4 0 241 273 242 
470 4 0 242 273 274 
471 4 0 242 274 243 
472 4 0 243 274 275 
473 4 0 243 275 244 
474 4 0 244 275 276 
475 4 0 244 276 245 
476 4 0 245 276 277 
477 4 0 245 277 246 
478 4 0 246 277 278 
479 4 0 246 278 247 
480 4 0 248 279 280 
481 4 0 248 280 249 
482 4 0 249 280 281 
483 4 0 249 281 250 
484 4 0 250 281 282 
485 4 0 250 282 251 
486 4 0 251 282 283 
487 4 0 251 283 252 
488 4 0 252 283 284 
489 4 0 252 284 253 
490 4 0 253 284 285 
491 4 0 253 285 254 
492 4 0 254 285 286 
493 4 0 254 286 255 
494 4 0 255 286 287 
495 4 0 255 287 256 
496 4 0 256 287 288 
497 4 0 256 288 257 
498 4 0 257 288 289 
499 4 0 257 289 258 
500 4 0 258 289 290 
501 4 0 258 290 259 
502 4 0 259 290 291 
503 4 0 259 291 260 
504 4 0 260 291 292 
505 4 0 260 292 261 
506 4 0 261 292 293 
507 4 0 261 293 262 
508 4 0 262 293 294 
509 4 0 262 294 263 
510 4 0 263 294 295 
511 4 0 263 295 264 
512 4 0 264 295 296 
513 4 0 264 296 265 
514 4 0 265 296 297 
515 4 0 265 297 266 
516 4 0 266 297 298 
517 4 0 266 298 267 
518 4 0 267 298 299 
519 4 0 267 299 268 
520 4 0 268 299 300 
521 4 0 268 300 269 
522 4 0 269 300 301 
523 4 0 269 301 270 
524 4 0 270 301 302 
525 4 0 270 302 271 
526 4 0 271 302 303 
527 4 0 271 303 272 
528 4 0 272 303 304 
529 4 0 272 304 273 
530 4 0 273 304 305 
531 4 0 273 305 274 
532 4 0 274 305 306 
533 4 0 274 306 275 
534 4 0 275 306 307 
535 4 0 275 307 276 
536 4 0 276 307 308 
537 4 0 276 308 277 
538 4 0 277 308 309 
539 4 0 277 309 278 
540 4 0 279 310 311 
541 4 0 279 311 280 
542 4 0 280 311 312 
543 4 0 280 312 281 
544 4 0 281 312 313 
545 4 0 281 313 282 
546 4 0 282 313 314 
547 4 0 282 314 283 
548 4 0 283 314 315 
549 4 0 283 315 284 
550 4 0 284 315 316 
551 4 0 284 316 285 
552 4 0 285 316 317 
553 4 0 285 317 286 
554 4 0 286 317 318 
555 4 0 286 318 287 
556 4 0 287 318 319 
557 4 0 287 319 288 
558 4 0 288 319 320 
559 4 0 288 320 289 
560 4 0 289 320 321 
561 4 0 289 321 290 
562 4 0 290 321 322 
563 4 0 290 322 291 
564 4 0 291 322 323 
565 4 0 291 323 292 
566 4 0 292 323 324 
567 4 0 292 324 293 
568 4 0 293 324 325 
569 4 0 293 325 294 
570 4 0 294 325 326 
571 4 0 294 326 295 
572 4 0 295 326 327 
573 4 0 295 327 296 
574 4 0 296 327 328 
575 4 0 296 328 297 
576 4 0 297 328 329 
577 4 0 297 329 298 
578 4 0 298 329 330 
579 4 0 298 330 299 
580 4 0 299 330 331 
581 4 0 299 331 300 
582 4 0 300 331 332 
583 4 0 300 332 301 
584 4 0 301 332 333 
585 4 0 301 333 302 
586 4 0 302 333 334 
587 4 0 302 334 303 
588 4 0 303 334 335 
589 4 0 303 335 304 
590 4 0 304 335 336 
591 4 0 304 336 305 
592 4 0 305 336 337 
593 4 0 305 337 306 
594 4 0 306 337 338 
595 4 0 306 338 307 
596 4 0 307 338 339 
597 4 0 307 339 308 
598 4 0 308 339 340 
599 4 0 308 340 309 
600 4 0 310 341 342 
601 4 0 310 342 311 
602 4 0 311 342 343 
603 4 0 311 343 312 
604 4 0 312 343 344 
605 4 0 312 344 313 
606 4 0 313 344 345 
607 4 0 313 345 314 
608 4 0 314 345 346 
609 4 0 314 346 315 
610 4 0 315 346 347 
611 4 0 315 347 316 
612 4 0 316 347 348 
613 4 0 316 348 317 
614 4 0 317 348 349 
615 4 0 317 349 318 
616 4 0 318 349 350 
617 4 0 318 350 319 
618 4 0 319 350 351 
619 4 0 319 351 320 
620 4 0 320 351 352 
621 4 0 320 352 321 
622 4 0 321 352 353 
623 4 0 321 353 322 
624 4 0 322 353 354 
625 4 0 322 354 323 
626 4 0 323 354 355 
627 4 0 323 355 324 
628 4 0 324 355 356 
629 4 0 324 356 325 
630 4 0 325 356 357 
631 4 0 325 357 326 
632 4 0 326 357 358 
633 4 0 326 358 327 
634 4 0 327 358 359 
635 4 0 327 359 328 
636 4 0 328 359 360 
637 4 0 328 360 329 
638 4 0 329 360 361 
639 4 0 329 361 330 
640 4 0 330 361 362 
641 4 0 330 362 331 
642 4 0 331 362 363 
643 4 0 331 363 332 
644 4 0 332 363 364 
645 4 0 332 364 333 
646 4 0 333 364 365 
647 4 0 333 365 334 
648 4 0 334 365 366 
649 4 0 334 366 335 
650 4 0 335 366 367 
651 4 0 335 367 336 
652 4 0 336 367 368 
653 4 0 336 368 337 
654 4 0 337 368 369 
655 4 0 337 369 338 
656 4 0 338 369 370 
657 4 0 338 370 339 
658 4 0 339 370 371 
659 4 0 339 371 340 
660 4 0 341 372 373 
661 4 0 341 373 342 
662 4 0 342 373 374 
663 4 0 342 374 343 
664 4 0 343 374 375 
665 4 0 343 375 344 
666 4 0 344 375 376 
667 4 0 344 376 345 
668 4 0 345 376 377 
669 4 0 345 377 346 
670 4 0 346 377 378 
671 4 0 346 378 347 
672 4 0 347 378 379 
673 4 0 347 379 348 
674 4 0 348 379 380 
675 4 0 348 380 349 
676 4 0 349 380 381 
677 4 0 349 381 350 
678 4 0 350 381 382 
679 4 0 350 382 351 
680 4 0 351 382 383 
681 4 0 351 383 352 
682 4 0 352 383 384 
683 4 0 352 384 353 
684 4 0 353 384 385 
685 4 0 353 385 354 
686 4 0 354 385 386 
687 4 0 354 386 355 
688 4 0 355 386 387 
689 4 0 355 387 356 
690 4 0 356 387 388 
691 4 0 356 388 357 
692 4 0 357 388 389 
693 4 0 357 389 358 
694 4 0 358 389 390 
695 4 0 358 390 359 
696 4 0 359 390 391 
697 4 0 359 391 360 
698 4 0 360 391 392 
699 4 0 360 392 361 
700 4 0 361 392 393 
701 4 0 361 393 362 
702 4 0 362 393 394 
703 4 0 362 394 363 
704 4 0 363 394 395 
705 4 0 363 395 364 
706 4 0 364 395 396 
707 4 0 364 396 365 
708 4 0 365 396 397 
709 4 0 365 397 366 
710 4 0 366 397 398 
711 4 0 366 398 367 
712 4 0 367 398 399 
713 4 0 367 399 368 
714 4 0 368 399 400 
715 4 0 368 400 369 
716 4 0 369 400 401 
717 4 0 369 401 370 
718 4 0 370 401 402 
719 4 0 370 402 371 
720 4 0 372 403 404 
721 4 0 372 404 373 
722 4 0 373 404 405 
723 4 0 373 405 374 
724 4 0 374 405 406 
725 4 0 374 406 375 
726 4 0 375 406 407 
727 4 0 375 407 376 
728 4 0 376 407 408 
729 4 0 376 408 377 
730 4 0 377 408 409 
731 4 0 377 409 378 
732 4 0 378 409 410 
733 4 0 378 410 379 
734 4 0 379 410 411 
735 4 0 379 411 380 
736 4 0 380 411 412 
737 4 0 380 412 381 
738 4 0 381 412 413 
739 4 0 381 413 382 
740 4 0 382 413 414 
741 4 0 382 414 383 
742 4 0 383 414 415 
743 4 0 383 415 384 
744 4 0 384 415 416 
745 4 0 384 416 385 
746 4 0 385 416 417 
747 4 0 385 417 386 
748 4 0 386 417 418 
749 4 0 386 418 387 
750 4 0 387 418 419 
751 4 0 387 419 388 
752 4 0 388 419 420 
753 4 0 388 420 389 
754 4 0 389 420 421 
755 4 0 389 421 390 
756 4 0 390 421 422 
757 4 0 390 422 391 
758 4 0 391 422 423 
759 4 0 391 423 392 
760 4 0 392 423 424 
761 4 0 392 424 393 
762 4 0 393 424 425 
763 4 0 393 425 394 
764 4 0 394 425 426 
765 4 0 394 426 395 
766 4 0 395 426 427 
767 4 0 395 427 396 
768 4 0 396 427 428 
769 4 0 396 428 397 
770 4 0 397 428 429 
771 4 0 397 429 398 
772 4 0 398 429 430 
773 4 0 398 430 399 
774 4 0 399 430 431 
775 4 0 399 431 400 
776 4 0 400 431 432 
777 4 0 400 432 401 
778 4 0 401 432 433 
779 4 0 401 433 402 
780 4 0 403 434 435 
781 4 0 403 435 404 
782 4 0 404 435 436 
783 4 0 404 436 405 
784 4 0 405 436 437 
785 4 0 405 437 406 
786 4 0 406 437 438 
787 4 0 406 438 407 
788 4 0 407 438 439 
789 4 0 407 439 408 
790 4 0 408 439 440 
791 4 0 408 440 409 
792 4 0 409 440 441 
793 4 0 409 441 410 
794 4 0 410 441 442 
795 4 0 410 442 411 
796 4 0 411 442 443 
797 4 0 411 443 412 
798 4 0 412 443 444 
799 4 0 412 444 413 
800 4 0 413 444 445 
801 4 0 413 445 414 
802 4 0 414 445 446 
803 4 0 414 446 415 
804 4 0 415 446 447 
805 4 0 415 447 416 
806 4 0 416 447 448 
807 4 0 416 448 417 
808 4 0 417 448 449 
809 4 0 417 449 418 
810 4 0 418 449 450 
811 4 0 418 450 419 
812 4 0 419 450 451 
813 4 0 419 451 420 
814 4 0 420 451 452 
815 4 0 420 452 421 
816 4 0 421 452 453 
817 4 0 421 453 422 
818 4 0 422 453 454 
819 4 0 422 454 423 
820 4 0 423 454 455 
821 4 0 423 455 424 
822 4 0 424 455 456 
823 4 0 424 456 425 
824 4 0 425 456 457 
825 4 0 425 457 426 
826 4 0 426 457 458 
827 4 0 426 458 427 
828 4 0 427 458 459 
829 4 0 427 459 428 
830 4 0 428 459 460 
831 4 0 428 460 429 
832 4 0 429 460 461 
833 4 0 429 461 430 
834 4 0 430 461 462 
835 4 0 430 462 431 
836 4 0 431 462 463 
837 4 0 431 463 432 
838 4 0 432 463 464 
839 4 0 432 464 433 
840 4 0 434 465 466 
841 4 0 434 466 435 
842 4 0 435 466 467 
843 4 0 435 467 436 
844 4 0 436 467 468 
845 4 0 436 468 437 
846 4 0 437 468 469 
847 4 0 437 469 438 
848 4 0 438 469 470 
849 4 0 438 470 439 
850 4 0 439 470 471 
851 4 0 439 471 440 
852 4 0 440 471 472 
853 4 0 440 472 441 
854 4 0 441 472 473 
855 4 0 441 473 442 
856 4 0 442 473 474 
857 4 0 442 474 443 
858 4 0 443 474 475 
859 4 0 443 475 444 
860 4 0 444 475 476 
861 4 0 444 476 445 
862 4 0 445 476 477 
863 4 0 445 477 446 
864 4 0 446 477 478 
865 4 0 446 478 447 
866 4 0 447 478 479 
867 4 0 447 479 448 
868 4 0 448 479 480 
869 4 0 448 480 449 
870 4 0 449 480 481 
871 4 0 449 481 450 
872 4 0 450 481 482 
873 4 0 450 482 451 
874 4 0 451 482 483 
875 4 0 451 483 452 
876 4 0 452 483 484 
877 4 0 452 484 453 
878 4 0 453 484 485 
879 4 0 453 485 454 
880 4 0 454 485 486 
881 4 0 454 486 455 
882 4 0 455 486 487 
883 4 0 455 487 456 
884 4 0 456 487 488 
885 4 0 456 488 457 
886 4 0 457 488 489 
887 4 0 457 489 458 
888 4 0 458 489 490 
889 4 0 458 490 459 
890 4 0 459 490 491 
891 4 0 459 491 460 
892 4 0 460 491 492 
893 4 0 460 492 461 
894 4 0 461 492 493 
895 4 0 461 493 462 
896 4 0 462 493 494 
897 4 0 462 494 463 
898 4 0 463 494 495 
899 4 0 463 495 464 
900 4 0 465 496 497 
901 4 0 465 497 466 
902 4 0 466 497 498 
903 4 0 466 498 467 
904 4 0 467 498 499 
905 4 0 467 499 468 
906 4 0 468 499 500 
907 4 0 468 500 469 
908 4 0 469 500 501 
909 4 0 469 501 470 
910 4 0 470 501 502 
911 4 0 470 502 471 
912 4 0 471 502 503 
913 4 0 471 503 472 
914 4 0 472 503 504 
915 4 0 472 504 473 
916 4 0 473 504 505 
917 4 0 473 505 474 
918 4 0 474 505 506 
919 4 0 474 506 475 
920 4 0 475 506 507 
921 4 0 475 507 476 
922 4 0 476 507 508 
923 4 0 476 508 477 
924 4 0 477 508 509 
925 4 0 477 509 478 
926 4 0 478 509 510 
927 4 0 478 510 479 
928 4 0 479 510 511 
929 4 0 479 511 480 
930 4 0 480 511 512 
931 4 0 480 512 481 
932 4 0 481 512 513 
933 4 0 481 513 482 
934 4 0 482 513 514 
935 4 0 482 514 483 
936 4 0 483 514 515 
937 4 0 483 515 484 
938 4 0 484 515 516 
939 4 0 484 516 485 
940 4 0 485 516 517 
941 4 0 485 517 486 
942 4 0 486 517 518 
943 4 0 486 518 487 
944 4 0 487 518 519 
945 4 0 487 519 488 
946 4 0 488 519 520 
947 4 0 488 520 489 
948 4 0 489 520 521 
949 4 0 489 521 490 
950 4 0 490 521 522 
951 4 0 490 522 491 
952 4 0 491 522 523 
953 4 0 491 523 492 
954 4 0 492 523 524 
955 4 0 492 524 493 
956 4 0 493 524 525 
957 4 0 493 525 494 
958 4 0 494 525 526 
959 4 0 494 526 495 
960 4 0 496 527 528 
961 4 0 496 528 497 
962 4 0 497 528 529 
963 4 0 497 529 498 
964 4 0 498 529 530 
965 4 0 498 530 499 
966 4 0 499 530 531 
967 4 0 499 531 500 
968 4 0 500 531 532 
969 4 0 500 532 501 
970 4 0 501 532 533 
971 4 0 501 533 502 
972 4 0 502 533 534 
973 4 0 502 534 503 
974 4 0 503 534 535 
975 4 0 503 535 504 
976 4 0 504 535 536 
977 4 0 504 536 505 
978 4 0 505 536 537 
979 4 0 505 537 506 
980 4 0 506 537 538 
981 4 0 506 538 507 
982 4 0 507 538 539 
983 4 0 507 539 508 
984 4 0 508 539 540 
985 4 0 508 540 509 
986 4 0 509 540 541 
987 4 0 509 541 510 
988 4 0 510 541 542 
989 4 0 510 542 511 
990 4 0 511 542 543 
991 4 0 511 543 512 
992 4 0 512 543 544 
993 4 0 512 544 513 
994 4 0 513 544 545 
995 4 0 513 545 514 
996 4 0 514 545 546 
997 4 0 514 546 515 
998 4 0 515 546 547 
999 4 0 515 547 516 
1000 4 0 516 547 548 
1001 4 0 516 548 517 
1002 4 0 517 548 549 
1003 4 0 517 549 518 
1004 4 0 518 549 550 
1005 4 0 518 550 519 
1006 4 0 519 550 551 
1007 4 0 519 551 520 
1008 4 0 520 551 552 
1009 4 0 520 552 521 
1010 4 0 521 552 553 
1011 4 0 521 553 522 
1012 4 0 522 553 554 
1013 4 0 522 554 523 
1014 4 0 523 554 555 
1015 4 0 523 555 524 
1016 4 0 524 555 556 
1017 4 0 524 556 525 
1018 4 0 525 556 557 
1019 4 0 525 557 526 
1020 4 0 527 558 559 
1021 4 0 527 559 528 
1022 4 0 528 559 560 
1023 4 0 528 560 529 
1024 4 0 529 560 561 
1025 4 0 529 561 530 
1026 4 0 530 561 562 
1027 4 0 530 562 531 
1028 4 0 531 562 563 
1029 4 0 531 563 532 
1030 4 0 532 563 564 
1031 4 0 532 564 533 
1032 4 0 533 564 565 
1033 4 0 533 565 534 
1034 4 0 534 565 566 
1035 4 0 534 566 535 
1036 4 0 535 566 567 
1037 4 0 535 567 536 
1038 4 0 536 567 568 
1039 4 0 536 568 537 
1040 4 0 537 568 569 
1041 4 0 537 569 538 
1042 4 0 538 569 570 
1043 4 0 538 570 539 
1044 4 0 539 570 571 
1045 4 0 539 571 540 
1046 4 0 540 571 572 
1047 4 0 540 572 541 
1048 4 0 541 572 573 
1049 4 0 541 573 542 
1050 4 0 542 573 574 
1051 4 0 542 574 543 
1052 4 0 543 574 575 
1053 4 0 543 575 544 
1054 4 0 544 575 576 
1055 4 0 544 576 545 
1056 4 0 545 576 577 
1057 4 0 545 577 546 
1058 4 0 546 577 578 
1059 4 0 546 578 547 
1060 4 0 547 578 579 
1061 4 0 547 579 548 
1062 4 0 548 579 580 
1063 4 0 548 580 549 
1064 4 0 549 580 581 
1065 4 0 549 581 550 
1066 4 0 550 581 582 
1067 4 0 550 582 551 
1068 4 0 551 582 583 
1069 4 0 551 583 552 
1070 4 0 552 583 584 
1071 4 0 552 584 553 
1072 4 0 553 584 585 
1073 4 0 553 585 554 
1074 4 0 554 585 586 
1075 4 0 554 586 555 
1076 4 0 555 586 587 
1077 4 0 555 587 556 
1078 4 0 556 587 588 
1079 4 0 556 588 557 
1080 4 0 558 589 590 
1081 4 0 558 590 559 
1082 4 0 559 590 591 
1083 4 0 559 591 560 
1084 4 0 560 591 592 
1085 4 0 560 592 561 
1086 4 0 561 592 593 
1087 4 0 561 593 562 
1088 4 0 562 593 594 
1089 4 0 562 594 563 
1090 4 0 563 594 595 
1091 4 0 563 595 564 
1092 4 0 564 595 596 
1093 4 0 564 596 565 
1094 4 0 565 596 597 
1095 4 0 565 597 566 
1096 4 0 566 597 598 
1097 4 0 566 598 567 
1098 4 0 567 598 599 
1099 4 0 567 599 568 
1100 4 0 568 599 600 
1101 4 0 568 600 569 
1102 4 0 569 600 601 
1103 4 0 569 601 570 
1104 4 0 570 601 602 
1105 4 0 570 602 571 
1106 4 0 571 602 603 
1107 4 0 571 603 572 
1108 4 0 572 603 604 
1109 4 0 572 604 573 
1110 4 0 573 604 605 
1111 4 0 573 605 574 
1112 4 0 574 605 606 
1113 4 0 574 606 575 
1114 4 0 575 606 607 
1115 4 0 575 607 576 
1116 4 0 576 607 608 
1117 4 0 576 608 577 
1118 4 0 577 608 609 
1119 4 0 577 609 578 
1120 4 0 578 609 610 
1121 4 0 578 610 579 
1122 4 0 579 610 611 
1123 4 0 579 611 580 
1124 4 0 580 611 612 
1125 4 0 580 612 581 
1126 4 0 581 612 613 
1127 4 0 581 613 582 
1128 4 0 582 613 614 
1129 4 0 582 614 583 
1130 4 0 583 614 615 
1131 4 0 583 615 584 
1132 4 0 584 615 616 
1133 4 0 584 616 585 
1134 4 0 585 616 617 
1135 4 0 585 617 586 
1136 4 0 586 617 618 
1137 4 0 586 618 587 
1138 4 0 587 618 619 
1139 4 0 587 619 588 
1140 4 0 589 620 621 
1141 4 0 589 621 590 
1142 4 0 590 621 622 
1143 4 0 590 622 591 
1144 4 0 591 622 623 
1145 4 0 591 623 592 
1146 4 0 592 623 624 
1147 4 0 592 624 593 
1148 4 0 593 624 625 
1149 4 0 593 625 594 
1150 4 0 594 625 626 
1151 4 0 594 626 595 
1152 4 0 595 626 627 
1153 4 0 595 627 596 
1154 4 0 596 627 628 
1155 4 0 596 628 597 
1156 4 0 597 628 629 
1157 4 0 597 629 598 
1158 4 0 598 629 630 
1159 4 0 598 630 599 
1160 4 0 599 630 631 
1161 4 0 599 631 600 
1162 4 0 600 631 632 
1163 4 0 600 632 601 
1164 4 0 601 632 633 
1165 4 0 601 633 602 
1166 4 0 602 633 634 
1167 4 0 602 634 603 
1168 4 0 603 634 635 
1169 4 0 603 635 604 
1170 4 0 604 635 636 
1171 4 0 604 636 605 
1172 4 0 605 636 637 
1173 4 0 605 637 606 
1174 4 0 606 637 638 
1175 4 0 606 638 607 
1176 4 0 607 638 639 
1177 4 0 607 639 608 
1178 4 0 608 639 640 
1179 4 0 608 640 609 
1180 4 0 609 640 641 
1181 4 0 609 641 610 
1182 4 0 610 641 642 
1183 4 0 610 642 611 
1184 4 0 611 642 643 
1185 4 0 611 643 612 
1186 4 0 612 643 644 
1187 4 0 612 644 613 
1188 4 0 613 644 645 
1189 4 0 613 645 614 
1190 4 0 614 645 646 
1191 4 0 614 646 615 
1192 4 0 615 646 647 
1193 4 0 615 647 616 
1194 4 0 616 647 648 
1195 4 0 616 648 617 
1196 4 0 617 648 649 
1197 4 0 617 649 618 
1198 4 0 618 649 650 
1199 4 0 618 650 619 
1200 4 0 620 651 652 
1201 4 0 620 652 621 
1202 4 0 621 652 653 
1203 4 0 621 653 622 
1204 4 0 622 653 654 
1205 4 0 622 654 623 
1206 4 0 623 654 655 
1207 4 0 623 655 624 
1208 4 0 624 655 656 
1209 4 0 624 656 625 
1210 4 0 625 656 657 
1211 4 0 625 657 626 
1212 4 0 626 657 658 
1213 4 0 626 658 627 
1214 4 0 627 658 659 
1215 4 0 627 659 628 
1216 4 0 628 659 660 
1217 4 0 628 660 629 
1218 4 0 629 660 661 
1219 4 0 629 661 630 
1220 4 0 630 661 662 
1221 4 0 630 662 631 
1222 4 0 631 662 663 
1223 4 0 631 663 632 
1224 4 0 632 663 664 
1225 4 0 632 664 633 
1226 4 0 633 664 665 
1227 4 0 633 665 634 
1228 4 0 634 665 666 
1229 4 0 634 666 635 
1230 4 0 635 666 667 
1231 4 0 635 667 636 
1232 4 0 636 667 668 
1233 4 0 636 668 637 
1234 4 0 637 668 669 
1235 4 0 637 669 638 
1236 4 0 638 669 670 
1237 4 0 638 670 639 
1238 4 0 639 670 671 
1239 4 0 639 671 640 
1240 4 0 640 671 672 
1241 4 0 640 672 641 
1242 4 0 641 672 673 
1243 4 0 641 673 642 
1244 4 0 642 673 674 
1245 4 0 642 674 643 
1246 4 0 643 674 675 
1247 4 0 643 675 644 
1248 4 0 644 675 676 
1249 4 0 644 676 645 
1250 4 0 645 676 677 
1251 4 0 645 677 646 
1252 4 0 646 677 678 
1253 4 0 646 678 647 
1254 4 0 647 678 679 
1255 4 0 647 679 648 
1256 4 0 648 679 680 
1257 4 0 648 680 649 
1258 4 0 649 680 681 
1259 4 0 649 681 650 
1260 4 0 651 682 683 
1261 4 0 651 683 652 
1262 4 0 652 683 684 
1263 4 0 652 684 653 
1264 4 0 653 684 685 
1265 4 0 653 685 654 
1266 4 0 654 685 686 
1267 4 0 654 686 655 
1268 4 0 655 686 687 
1269 4 0 655 687 656 
1270 4 0 656 687 688 
1271 4 0 656 688 657 
1272 4 0 657 688 689 
1273 4 0 657 689 658 
1274 4 0 658 689 690 
1275 4 0 658 690 659 
1276 4 0 659 690 691 
1277 4 0 659 691 660 
1278 4 0 660 691 692 
1279 4 0 660 692 661 
1280 4 0 661 692 693 
1281 4 0 661 693 662 
1282 4 0 662 693 694 
1283 4 0 662 694 663 
1284 4 0 663 694 695 
1285 4 0 663 695 664 
1286 4 0 664 695 696 
1287 4 0 664 696 665 
1288 4 0 665 696 697 
1289 4 0 665 697 666 
1290 4 0 666 697 698 
1291 4 0 666 698 667 
1292 4 0 667 698 699 
1293 4 0 667 699 668 
1294 4 0 668 699 700 
1295 4 0 668 700 669 
1296 4 0 669 700 701 
1297 4 0 669 701 670 
1298 4 0 670 701 702 
1299 4 0 670 702 671 
1300 4 0 671 702 703 
1301 4 0 671 703 672 
1302 4 0 672 703 704 
1303 4 0 672 704 673 
1304 4 0 673 704 705 
1305 4 0 673 705 674 
1306 4 0 674 705 706 
1307 4 0 674 706 675 
1308 4 0 675 706 707 
1309 4 0 675 707 676 
1310 4 0 676 707 708 
1311 4 0 676 708 677 
1312 4 0 677 708 709 
1313 4 0 677 709 678 
1314 4 0 678 709 710 
1315 4 0 678 710 679 
1316 4 0 679 710 711 
1317 4 0 679 711 680 
1318 4 0 680 711 712 
1319 4 0 680 712 681 
1320 4 0 682 713 714 
1321 4 0 682 714 683 
1322 4 0 683 714 715 
1323 4 0 683 715 684 
1324 4 0 684 715 716 
1325 4 0 684 716 685 
1326 4 0 685 716 717 
1327 4 0 685 717 686 
1328 4 0 686 717 718 
1329 4 0 686 718 687 
1330 4 0 687 718 719 
1331 4 0 687 719 688 
1332 4 0 688 719 720 
1333 4 0 688 720 689 
1334 4 0 689 720 721 
1335 4 0 689 721 690 
1336 4 0 690 721 722 
1337 4 0 690 722 691 
1338 4 0 691 722 723 
1339 4 0 691 723 692 
1340 4 0 692 723 724 
1341 4 0 692 724 693 
1342 4 0 693 724 725 
1343 4 0 693 725 694 
1344 4 0 694 725 726 
1345 4 0 694 726 695 
1346 4 0 695 726 727 
1347 4 0 695 727 696 
1348 4 0 696 727 728 
1349 4 0 696 728 697 
1350 4 0 697 728 729 
1351 4 0 697 729 698 
1352 4 0 698 729 730 
1353 4 0 698 730 699 
1354 4 0 699 730 731 
1355 4 0 699 731 700 
1356 4 0 700 731 732 
1357 4 0 700 732 701 
1358 4 0 701 732 733 
1359 4 0 701 733 702 
1360 4 0 702 733 734 
1361 4 0 702 734 703 
1362 4 0 703 734 735 
1363 4 0 703 735 704 
1364 4 0 704 735 736 
1365 4 0 704 736 705 
1366 4 0 705 736 737 
1367 4 0 705 737 706 
1368 4 0 706 737 738 
1369 4 0 706 738 707 
1370 4 0 707 738 739 
1371 4 0 707 739 708 
1372 4 0 708 739 740 
1373 4 0 708 740 709 
1374 4 0 709 740 741 
1375 4 0 709 741 710 
1376 4 0 710 741 742 
1377 4 0 710 742 711 
1378 4 0 711 742 743 
1379 4 0 711 743 712 
1380 4 0 713 744 745 
1381 4 0 713 745 714 
1382 4 0 714 745 746 
1383 4 0 714 746 715 
1384 4 0 715 746 747 
1385 4 0 715 747 716 
1386 4 0 716 747 748 
1387 4 0 716 748 717 
1388 4 0 717 748 749 
1389 4 0 717 749 718 
1390 4 0 718 749 750 
1391 4 0 718 750 719 
1392 4 0 719 750 751 
1393 4 0 719 751 720 
1394 4 0 720 751 752 
1395 4 0 720 752 721 
1396 4 0 721 752 753 
1397 4 0 721 753 722 
1398 4 0 722 753 754 
1399 4 0 722 754 723 
1400 4 0 723 754 755 
1401 4 0 723 755 724 
1402 4 0 724 755 756 
1403 4 0 724 756 725 
1404 4 0 725 756 757 
1405 4 0 725 757 726 
1406 4 0 726 757 758 
1407 4 0 726 758 727 
1408 4 0 727 758 759 
1409 4 0 727 759 728 
1410 4 0 728 759 760 
1411 4 0 728 760 729 
1412 4 0 729 760 761 
1413 4 0 729 761 730 
1414 4 0 730 761 762 
1415 4 0 730 762 731 
1416 4 0 731 762 763 
1417 4 0 731 763 732 
1418 4 0 732 763 764 
1419 4 0 732 764 733 
1420 4 0 733 764 765 
1421 4 0 733 765 734 
1422 4 0 734 765 766 
1423 4 0 734 766 735 
1424 4 0 735 766 767 
1425 4 0 735 767 736 
1426 4 0 736 767 768 
1427 4 0 736 768 737 
1428 4 0 737 768 769 
1429 4 0 737 769 738 
1430 4 0 738 769 770 
1431 4 0 738 770 739 
1432 4 0 739 770 771 
1433 4 0 739 771 740 
1434 4 0 740 771 772 
1435 4 0 740 772 741 
1436 4 0 741 772 773 
1437 4 0 741 773 742 
1438 4 0 742 773 774 
1439 4 0 742 774 743 
1440 4 0 744 775 776 
1441 4 0 744 776 745 
1442 4 0 745 776 777 
1443 4 0 745 777 746 
1444 4 0 746 777 778 
1445 4 0 746 778 747 
1446 4 0 747 778 779 
1447 4 0 747 779 748 
1448 4 0 748 779 780 
1449 4 0 748 780 749 
1450 4 0 749 780 781 
1451 4 0 749 781 750 
1452 4 0 750 781 782 
1453 4 0 750 782 751 
1454 4 0 751 782 783 
1455 4 0 751 783 752 
1456 4 0 752 783 784 
1457 4 0 752 784 753 
1458 4 0 753 784 785 
1459 4 0 753 785 754 
1460 4 0 754 785 786 
1461 4 0 754 786 755 
1462 4 0 755 786 787 
1463 4 0 755 787 756 
1464 4 0 756 787 788 
1465 4 0 756 788 757 
1466 4 0 757 788 789 
1467 4 0 757 789 758 
1468 4 0 758 789 790 
1469 4 0 758 790 759 
1470 4 0 759 790 791 
1471 4 0 759 791 760 
1472 4 0 760 791 792 
1473 4 0 760 792 761 
1474 4 0 761 792 793 
1475 4 0 761 793 762 
1476 4 0 762 793 794 
1477 4 0 762 794 763 
1478 4 0 763 794 795 
1479 4 0 763 795 764 
1480 4 0 764 795 796 
1481 4 0 764 796 765 
1482 4 0 765 796 797 
1483 4 0 765 797 766 
1484 4 0 766 797 798 
1485 4 0 766 798 767 
1486 4 0 767 798 799 
1487 4 0 767 799 768 
1488 4 0 768 799 800 
1489 4 0 768 800 769 
1490 4 0 769 800 801 
1491 4 0 769 801 770 
1492 4 0 770 801 802 
1493 4 0 770 802 771 
1494 4 0 771 802 803 
1495 4 0 771 803 772 
1496 4 0 772 803 804 
1497 4 0 772 804 773 
1498 4 0 773 804 805 
1499 4 0 773 805 774 
1500 4 0 775 806 807 
1501 4 0 775 807 776 
1502 4 0 776 807 808 
1503 4 0 776 808 777 
1504 4 0 777 808 809 
1505 4 0 777 809 778 
1506 4 0 778 809 810 
1507 4 0 778 810 779 
1508 4 0 779 810 811 
1509 4 0 779 811 780 
1510 4 0 780 811 812 
1511 4 0 780 812 781 
1512 4 0 781 812 813 
1513 4 0 781 813 782 
1514 4 0 782 813 814 
1515 4 0 782 814 783 
1516 4 0 783 814 815 
1517 4 0 783 815 784 
1518 4 0 784 815 816 
1519 4 0 784 816 785 
1520 4 0 785 816 817 
1521 4 0 785 817 786 
1522 4 0 786 817 818 
1523 4 0 786 818 787 
1524 4 0 787 818 819 
1525 4 0 787 819 788 
1526 4 0 788 819 820 
1527 4 0 788 820 789 
1528 4 0 789 820 821 
1529 4 0 789 821 790 
1530 4 0 790 821 822 
1531 4 0 790 822 791 
1532 4 0 791 822 823 
1533 4 0 791 823 792 
1534 4 0 792 823 824 
1535 4 0 792 824 793 
1536 4 0 793 824 825 
1537 4 0 793 825 794 
1538 4 0 794 825 826 
1539 4 0 794 826 795 
1540 4 0 795 826 827 
1541 4 0 795 827 796 
1542 4 0 796 827 828 
1543 4 0 796 828 797 
1544 4 0 797 828 829 
1545 4 0 797 829 798 
1546 4 0 798 829 830 
1547 4 0 798 830 799 
1548 4 0 799 830 831 
1549 4 0 799 831 800 
1550 4 0 800 831 832 
1551 4 0 800 832 801 
1552 4 0 801 832 833 
1553 4 0 801 833 802 
1554 4 0 802 833 834 
1555 4 0 802 834 803 
1556 4 0 803 834 835 
1557 4 0 803 835 804 
1558 4 0 804 835 836 
1559 4 0 804 836 805 
1560 4 0 806 837 838 
1561 4 0 806 838 807 
1562 4 0 807 838 839 
1563 4 0 807 839 808 
1564 4 0 808 839 840 
1565 4 0 808 840 809 
1566 4 0 809 840 841 
1567 4 0 809 841 810 
1568 4 0 810 841 842 
1569 4 0 810 842 811 
1570 4 0 811 842 843 
1571 4 0 811 843 812 
1572 4 0 812 843 844 
1573 4 0 812 844 813 
1574 4 0 813 844 845 
1575 4 0 813 845 814 
1576 4 0 814 845 846 
1577 4 0 814 846 815 
1578 4 0 815 846 847 
1579 4 0 815 847 816 
1580 4 0 816 847 848 
1581 4 0 816 848 817 
1582 4 0 817 848 849 
1583 4 0 817 849 818 
1584 4 0 818 849 850 
1585 4 0 818 850 819 
1586 4 0 819 850 851 
1587 4 0 819 851 820 
1588 4 0 820 851 852 
1589 4 0 820 852 821 
1590 4 0 821 852 853 
1591 4 0 821 853 822 
1592 4 0 822 853 854 
1593 4 0 822 854 823 
1594 4 0 823 854 855 
1595 4 0 823 855 824 
1596 4 0 824 855 856 
1597 4 0 824 856 825 
1598 4 0 825 856 857 
1599 4 0 825 857 826 
1600 4 0 826 857 858 
1601 4 0 826 858 827 
1602 4 0 827 858 859 
1603 4 0 827 859 828 
1604 4 0 828 859 860 
1605 4 0 828 860 829 
1606 4 0 829 860 861 
1607 4 0 829 861 830 
1608 4 0 830 861 862 
1609 4 0 830 862 831 
1610 4 0 831 862 863 
1611 4 0 831 863 832 
1612 4 0 832 863 864 
1613 4 0 832 864 833 
1614 4 0 833 864 865 
1615 4 0 833 865 834 
1616 4 0 834 865 866 
1617 4 0 834 866 835 
1618 4 0 835 866 867 
1619 4 0 835 867 836 
1620 4 0 837 868 869 
1621 4 0 837 869 838 
1622 4 0 838 869 870 
1623 4 0 838 870 839 
1624 4 0 839 870 871 
1625 4 0 839 871 840 
1626 4 0 840 871 872 
1627 4 0 840 872 841 
1628 4 0 841 872 873 
1629 4 0 841 873 842 
1630 4 0 842 873 874 
1631 4 0 842 874 843 
1632 4 0 843 874 875 
1633 4 0 843 875 844 
1634 4 0 844 875 876 
1635 4 0 844 876 845 
1636 4 0 845 876 877 
1637 4 0 845 877 846 
1638 4 0 846 877 878 
1639 4 0 846 878 847 
1640 4 0 847 878 879 
1641 4 0 847 879 848 
1642 4 0 848 879 880 
1643 4 0 848 880 849 
1644 4 0 849 880 881 
1645 4 0 849 881 850 
1646 4 0 850 881 882 
1647 4 0 850 882 851 
1648 4 0 851 882 883 
1649 4 0 851 883 852 
1650 4 0 852 883 884 
1651 4 0 852 884 853 
1652 4 0 853 884 885 
1653 4 0 853 885 854 
1654 4 0 854 885 886 
1655 4 0 854 886 855 
1656 4 0 855 886 887 
1657 4 0 855 887 856 
1658 4 0 856 887 888 
1659 4 0 856 888 857 
1660 4 0 857 888 889 
1661 4 0 857 889 858 
1662 4 0 858 889 890 
1663 4 0 858 890 859 
1664 4 0 859 890 891 
1665 4 0 859 891 860 
1666 4 0 860 891 892 
1667 4 0 860 892 861 
1668 4 0 861 892 893 
1669 4 0 861 893 862 
1670 4 0 862 893 894 
1671 4 0 862 894 863 
1672 4 0 863 894 895 
1673 4 0 863 895 864 
1674 4 0 864 895 896 
1675 4 0 864 896 865 
1676 4 0 865 896 897 
1677 4 0 865 897 866 
1678 4 0 866 897 898 
1679 4 0 866 898 867 
1680 4 0 868 899 900 
1681 4 0 868 900 869 
1682 4 0 869 900 901 
1683 4 0 869 901 870 
1684 4 0 870 901 902 
1685 4 0 870 902 871 
1686 4 0 871 902 903 
1687 4 0 871 903 872 
1688 4 0 872 903 904 
1689 4 0 872 904 873 
1690 4 0 873 904 905 
1691 4 0 873 905 874 
1692 4 0 874 905 906 
1693 4 0 874 906 875 
1694 4 0 875 906 907 
1695 4 0 875 907 876 
1696 4 0 876 907 908 
1697 4 0 876 908 877 
1698 4 0 877 908 909 
1699 4 0 877 909 878 
1700 4 0 878 909 910 
1701 4 0 878 910 879 
1702 4 0 879 910 911 
1703 4 0 879 911 880 
1704 4 0 880 911 912 
1705 4 0 880 912 881 
1706 4 0 881 912 913 
1707 4 0 881 913 882 
1708 4 0 882 913 914 
1709 4 0 882 914 883 
1710 4 0 883 914 915 
1711 4 0 883 915 884 
1712 4 0 884 915 916 
1713 4 0 884 916 885 
1714 4 0 885 916 917 
1715 4 0 885 917 886 
1716 4 0 886 917 918 
1717 4 0 886 918 887 
1718 4 0 887 918 919 
1719 4 0 887 919 888 
1720 4 0 888 919 920 
1721 4 0 888 920 889 
1722 4 0 889 920 921 
1723 4 0 889 921 890 
1724 4 0 890 921 922 
1725 4 0 890 922 891 
1726 4 0 891 922 923 
1727 4 0 891 923 892 
1728 4 0 892 923 924 
1729 4 0 892 924 893 
1730 4 0 893 924 925 
1731 4 0 893 925 894 
1732 4 0 894 925 926 
1733 4 0 894 926 895 
1734 4 0 895 926 927 
1735 4 0 895 927 896 
1736 4 0 896 927 928 
1737 4 0 896 928 897 
1738 4 0 897 928 929 
1739 4 0 897 929 898 
1740 4 0 899 930 931 
1741 4 0 899 931 900 
1742 4 0 900 931 932 
1743 4 0 900 932 901 
1744 4 0 901 932 933 
1745 4 0 901 933 902 
1746 4 0 902 933 934 
1747 4 0 902 934 903 
1748 4 0 903 934 935 
1749 4 0 903 935 904 
1750 4 0 904 935 936 
1751 4 0 904 936 905 
1752 4 0 905 936 937 
1753 4 0 905 937 906 
1754 4 0 906 937 938 
1755 4 0 906 938 907 
1756 4 0 907 938 939 
1757 4 0 907 939 908 
1758 4 0 908 939 940 
1759 4 0 908 940 909 
1760 4 0 909 940 941 
1761 4 0 909 941 910 
1762 4 0 910 941 942 
1763 4 0 910 942 911 
1764 4 0 911 942 943 
1765 4 0 911 943 912 
1766 4 0 912 943 944 
1767 4 0 912 944 913 
1768 4 0 913 944 945 
1769 4 0 913 945 914 
1770 4 0 914 945 946 
1771 4 0 914 946 915 
1772 4 0 915 946 947 
1773 4 0 915 947 916 
1774 4 0 916 947 948 
1775 4 0 916 948 917 
1776 4 0 917 948 949 
1777 4 0 917 949 918 
1778 4 0 918 949 950 
1779 4 0 918 950 919 
1780 4 0 919 950 951 
1781 4 0 919 951 920 
1782 4 0 920 951 952 
1783 4 0 920 952 921 
1784 4 0 921 952 953 
1785 4 0 921 953 922 
1786 4 0 922 953 954 
1787 4 0 922 954 923 
1788 4 0 923 954 955 
1789 4 0 923 955 924 
1790 4 0 924 955 956 
1791 4 0 924 956 925 
1792 4 0 925 956 957 
1793 4 0 925 957 926 
1794 4 0 926 957 958 
1795 4 0 926 958 927 
1796 4 0 927 958 959 
1797 4 0 927 959 928 
1798 4 0 928 959 960 
1799 4 0 928 960 929 
1800 6 0 
61 1 1800 
2 1800 0 
63 3 1 
4 1800 2 
65 5 3 
6 1800 4 
67 7 5 
8 1800 6 
69 9 7 
10 1800 8 
71 11 9 
12 1800 10 
73 13 11 
14 1800 12 
75 15 13 
16 1800 14 
77 17 15 
18 1800 16 
79 19 17 
20 1800 18 
81 21 19 
22 1800 20 
83 23 21 
24 1800 22 
85 25 23 
26 1800 24 
87 27 25 
28 1800 26 
89 29 27 
30 1800 28 
91 31 29 
32 1800 30 
93 33 31 
34 1800 32 
95 35 33 
36 1800 34 
97 37 35 
38 1800 36 
99 39 37 
40 1800 38 
101 41 39 
42 1800 40 
103 43 41 
44 1800 42 
105 45 43 
46 1800 44 
107 47 45 
48 1800 46 
109 49 47 
50 1800 48 
111 51 49 
52 1800 50 
113 53 51 
54 1800 52 
115 55 53 
56 1800 54 
117 57 55 
58 1800 56 
119 59 57 
1800 1800 58 
121 61 1800 
62 0 60 
123 63 61 
64 2 62 
125 65 63 
66 4 64 
127 67 65 
68 6 66 
129 69 67 
70 8 68 
131 71 69 
72 10 70 
133 73 71 
74 12 72 
135 75 73 
76 14 74 
137 77 75 
78 16 76 
139 79 77 
80 18 78 
141 81 79 
82 20 80 
143 83 81 
84 22 82 
145 85 83 
86 24 84 
147 87 85 
88 26 86 
149 89 87 
90 28 88 
151 91 89 
92 30 90 
153 93 91 
94 32 92 
155 95 93 
96 34 94 
157 97 95 
98 36 96 
159 99 97 
100 38 98 
161 101 99 
102 40 100 
163 103 101 
104 42 102 
165 105 103 
106 44 104 
167 107 105 
108 46 106 
169 109 107 
110 48 108 
171 111 109 
112 50 110 
173 113 111 
114 52 112 
175 115 113 
116 54 114 
177 117 115 
118 56 116 
179 119 117 
1800 58 118 
181 121 1800 
122 60 120 
183 123 121 
124 62 122 
185 125 123 
126 64 124 
187 127 125 
128 66 126 
189 129 127 
130 68 128 
191 131 129 
132 70 130 
193 133 131 
134 72 132 
195 135 133 
136 74 134 
197 137 135 
138 76 136 
199 139 137 
140 78 138 
201 141 139 
142 80 140 
203 143 141 
144 82 142 
205 145 143 
146 84 144 
207 147 145 
148 86 146 
209 149 147 
150 88 148 
211 151 149 
152 90 150 
213 153 151 
154 92 152 
215 155 153 
156 94 154 
217 157 155 
158 96 156 
219 159 157 
160 98 158 
221 161 159 
162 100 160 
223 163 161 
164 102 162 
225 165 163 
166 104 164 
227 167 165 
168 106 166 
229 169 167 
170 108 168 
231 171 169 
172 110 170 
233 173 171 
174 112 172 
235 175 173 
176 114 174 
237 177 175 
178 116 176 
239 179 177 
1800 118 178 
241 181 1800 
182 120 180 
243 183 181 
184 122 182 
245 185 183 
186 124 184 
247 187 185 
188 126 186 
249 189 187 
190 128 188 
251 191 189 
192 130 190 
253 193 191 
194 132 192 
255 195 193 
196 134 194 
257 197 195 
198 136 196 
259 199 197 
200 138 198 
261 201 199 
202 140 200 
263 203 201 
204 142 202 
265 205 203 
206 144 204 
267 207 205 
208 146 206 
269 209 207 
210 148 208 
271 211 209 
212 150 210 
273 213 211 
214 152 212 
275 215 213 
216 154 214 
277 217 215 
218 156 216 
279 219 217 
220 158 218 
281 221 219 
222 160 220 
283 223 221 
224 162 222 
285 225 223 
226 164 224 
287 227 225 
228 166 226 
289 229 227 
230 168 228 
291 231 229 
232 170 230 
293 233 231 
234 172 232 
295 235 233 
236 174 234 
297 237 235 
238 176 236 
299 239 237 
1800 178 238 
301 241 1800 
242 180 240 
303 243 241 
244 182 242 
305 245 243 
246 184 244 
307 247 245 
248 186 246 
309 249 247 
250 188 248 
311 251 249 
252 190 250 
313 253 251 
254 192 252 
315 255 253 
256 194 254 
317 257 255 
258 196 256 
319 259 257 
260 198 258 
321 261 259 
262 200 260 
323 263 261 
264 202 262 
325 265 263 
266 204 264 
327 267 265 
268 206 266 
329 269 267 
270 208 268 
331 271 269 
272 210 270 
333 273 271 
274 212 272 
335 275 273 
276 214 274 
337 277 275 
278 216 276 
339 279 277 
280 218 278 
341 281 279 
282 220 280 
343 283 281 
284 222 282 
345 285 283 
286 224 284 
347 287 285 
288 226 286 
349 289 287 
290 228 288 
351 291 289 
292 230 290 
353 293 291 
294 232 292 
355 295 293 
296 234 294 
357 297 295 
298 236 296 
359 299 297 
1800 238 298 
361 301 1800 
302 240 300 
363 303 301 
304 242 302 
365 305 303 
306 244 304 
367 307 305 
308 246 306 
369 309 307 
310 248 308 
371 311 309 
312 250 310 
373 313 311 
314 252 312 
375 315 313 
316 254 314 
377 317 315 
318 256 316 
379 319 317 
320 258 318 
381 321 319 
322 260 320 
383 323 321 
324 262 322 
385 325 323 
326 264 324 
387 327 325 
328 266 326 
389 329 327 
330 268 328 
391 331 329 
332 270 330 
393 333 331 
334 272 332 
395 335 333 
336 274 334 
397 337 335 
338 276 336 
399 339 337 
340 278 338 
401 341 339 
342 280 340 
403 343 341 
344 282 342 
405 345 343 
346 284 344 
407 347 345 
348 286 346 
409 349 347 
350 288 348 
411 351 349 
352 290 350 
413 353 351 
354 292 352 
415 355 353 
356 294 354 
417 357 355 
358 296 356 
419 359 357 
1800 298 358 
421 361 1800 
362 300 360 
423 363 361 
364 302 362 
425 365 363 
366 304 364 
427 367 365 
368 306 366 
429 369 367 
370 308 368 
431 371 369 
372 310 370 
433 373 371 
374 312 372 
435 375 373 
376 314 374 
437 377 375 
378 316 376 
439 379 377 
380 318 378 
441 381 379 
382 320 380 
443 383 381 
384 322 382 
445 385 383 
386 324 384 
447 387 385 
388 326 386 
449 389 387 
390 328 388 
451 391 389 
392 330 390 
453 393 391 
394 332 392 
455 395 393 
396 334 394 
457 397 395 
398 336 396 
459 399 397 
400 338 398 
461 401 399 
402 340 400 
463 403 401 
404 342 402 
465 405 403 
406 344 404 
467 407 405 
408 346 406 
469 409 407 
410 348 408 
471 411 409 
412 350 410 
473 413 411 
414 352 412 
475 415 413 
416 354 414 
477 417 415 
418 356 416 
479 419 417 
1800 358 418 
481 421 1800 
422 360 420 
483 423 421 
424 362 422 
485 425 423 
426 364 424 
487 427 425 
428 366 426 
489 429 427 
430 368 428 
491 431 429 
432 370 430 
493 433 431 
434 372 432 
495 435 433 
436 374 434 
497 437 435 
438 376 436 
499 439 437 
440 378 438 
501 441 439 
442 380 440 
503 443 441 
444 382 442 
505 445 443 
446 384 444 
507 447 445 
448 386 446 
509 449 447 
450 388 448 
511 451 449 
452 390 450 
513 453 451 
454 392 452 
515 455 453 
456 394 454 
517 457 455 
458 396 456 
519 459 457 
460 398 458 
521 461 459 
462 400 460 
523 463 461 
464 402 462 
525 465 463 
466 404 464 
527 467 465 
468 406 466 
529 469 467 
470 408 468 
531 471 469 
472 410 470 
533 473 471 
474 412 472 
535 475 473 
476 414 474 
537 477 475 
478 416 476 
539 479 477 
1800 418 478 
541 481 1800 
482 420 480 
543 483 481 
484 422 482 
545 485 483 
486 424 484 
547 487 485 
488 426 486 
549 489 487 
490 428 488 
551 491 489 
492 430 490 
553 493 491 
494 432 492 
555 495 493 
496 434 494 
557 497 495 
498 436 496 
559 499 497 
500 438 498 
561 501 499 
502 440 500 
563 503 501 
504 442 502 
565 505 503 
506 444 504 
567 507 505 
508 446 506 
569 509 507 
510 448 508 
571 511 509 
512 450 510 
573 513 511 
514 452 512 
575 515 513 
516 454 514 
577 517 515 
518 456 516 
579 519 517 
520 458 518 
581 521 519 
522 460 520 
583 523 521 
524 462 522 
585 525 523 
526 464 524 
587 527 525 
528 466 526 
589 529 527 
530 468 528 
591 531 529 
532 470 530 
593 533 531 
534 472 532 
595 535 533 
536 474 534 
597 537 535 
538 476 536 
599 539 537 
1800 478 538 
601 541 1800 
542 480 540 
603 543 541 
544 482 542 
605 545 543 
546 484 544 
607 547 545 
548 486 546 
609 549 547 
550 488 548 
611 551 549 
552 490 550 
613 553 551 
554 492 552 
615 555 553 
556 494 554 
617 557 555 
558 496 556 
619 559 557 
560 498 558 
621 561 559 
562 500 560 
623 563 561 
564 502 562 
625 565 563 
566 504 564 
627 567 565 
568 506 566 
629 569 567 
570 508 568 
631 571 569 
572 510 570 
633 573 571 
574 512 572 
635 575 573 
576 514 574 
637 577 575 
578 516 576 
639 579 577 
580 518 578 
641 581 579 
582 520 580 
643 583 581 
584 522 582 
645 585 583 
586 524 584 
647 587 585 
588 526 586 
649 589 587 
590 528 588 
651 591 589 
592 530 590 
653 593 591 
594 532 592 
655 595 593 
596 534 594 
657 597 595 
598 536 596 
659 599 597 
1800 538 598 
661 601 1800 
602 540 600 
663 603 601 
604 542 602 
665 605 603 
606 544 604 
667 607 605 
608 546 606 
669 609 607 
610 548 608 
671 611 609 
612 550 610 
673 613 611 
614 552 612 
675 615 613 
616 554 614 
677 617 615 
618 556 616 
679 619 617 
620 558 618 
681 621 619 
622 560 620 
683 623 621 
624 562 622 
685 625 623 
626 564 624 
687 627 625 
628 566 626 
689 629 627 
630 568 628 
691 631 629 
632 570 630 
693 633 631 
634 572 632 
695 635 633 
636 574 634 
697 637 635 
638 576 636 
699 639 637 
640 578 638 
701 641 639 
642 580 640 
703 643 641 
644 582 642 
705 645 643 
646 584 644 
707 647 645 
648 586 646 
709 649 647 
650 588 648 
711 651 649 
652 590 650 
713 653 651 
654 592 652 
715 655 653 
656 594 654 
717 657 655 
658 596 656 
719 659 657 
1800 598 658 
721 661 1800 
662 600 660 
723 663 661 
664 602 662 
725 665 663 
666 604 664 
727 667 665 
668 606 666 
729 669 667 
670 608 668 
731 671 669 
672 610 670 
733 673 671 
674 612 672 
735 675 673 
676 614 674 
737 677 675 
678 616 676 
739 679 677 
680 618 678 
741 681 679 
682 620 680 
743 683 681 
684 622 682 
745 685 683 
686 624 684 
747 687 685 
688 626 686 
749 689 687 
690 628 688 
751 691 689 
692 630 690 
753 693 691 
694 632 692 
755 695 693 
696 634 694 
757 697 695 
698 636 696 
759 699 697 
700 638 698 
761 701 699 
702 640 700 
763 703 701 
704 642 702 
765 705 703 
706 644 704 
767 707 705 
708 646 706 
769 709 707 
710 648 708 
771 711 709 
712 650 710 
773 713 711 
714 652 712 
775 715 713 
716 654 714 
777 717 715 
718 656 716 
779 719 717 
1800 658 718 
781 721 1800 
722 660 720 
783 723 721 
724 662 722 
785 725 723 
726 664 724 
787 727 725 
728 666 726 
789 729 727 
730 668 728 
791 731 729 
732 670 730 
793 733 731 
734 672 732 
795 735 733 
736 674 734 
797 737 735 
738 676 736 
799 739 737 
740 678 738 
801 741 739 
742 680 740 
803 743 741 
744 682 742 
805 745 743 
746 684 744 
807 747 745 
748 686 746 
809 749 747 
750 688 748 
811 751 749 
752 690 750 
813 753 751 
754 692 752 
815 755 753 
756 694 754 
817 757 755 
758 696 756 
819 759 757 
760 698 758 
821 761 759 
762 700 760 
823 763 761 
764 702 762 
825 765 763 
766 704 764 
827 767 765 
768 706 766 
829 769 767 
770 708 768 
831 771 769 
772 710 770 
833 773 771 
774 712 772 
835 775 773 
776 714 774 
837 777 775 
778 716 776 
839 779 777 
1800 718 778 
841 781 1800 
782 720 780 
843 783 781 
784 722 782 
845 785 783 
786 724 784 
847 787 785 
788 726 786 
849 789 787 
790 728 788 
851 791 789 
792 730 790 
853 793 791 
794 732 792 
855 795 793 
796 734 794 
857 797 795 
798 736 796 
859 799 797 
800 738 798 
861 801 799 
802 740 800 
863 803 801 
804 742 802 
865 805 803 
806 744 804 
867 807 805 
808 746 806 
869 809 807 
810 748 808 
871 811 809 
812 750 810 
873 813 811 
814 752 812 
875 815 813 
816 754 814 
877 817 815 
818 756 816 
879 819 817 
820 758 818 
881 821 819 
822 760 820 
883 823 821 
824 762 822 
885 825 823 
826 764 824 
887 827 825 
828 766 826 
889 829 827 
830 768 828 
891 831 829 
832 770 830 
893 833 831 
834 772 832 
895 835 833 
836 774 834 
897 837 835 
838 776 836 
899 839 837 
1800 778 838 
901 841 1800 
842 780 840 
903 843 841 
844 782 842 
905 845 843 
846 784 844 
907 847 845 
848 786 846 
909 849 847 
850 788 848 
911 851 849 
852 790 850 
913 853 851 
854 792 852 
915 855 853 
856 794 854 
917 857 855 
858 796 856 
919 859 857 
860 798 858 
921 861 859 
862 800 860 
923 863 861 
864 802 862 
925 865 863 
866 804 864 
927 867 865 
868 806 866 
929 869 867 
870 808 868 
931 871 869 
872 810 870 
933 873 871 
874 812 872 
935 875 873 
876 814 874 
937 877 875 
878 816 876 
939 879 877 
880 818 878 
941 881 879 
882 820 880 
943 883 881 
884 822 882 
945 885 883 
886 824 884 
947 887 885 
888 826 886 
949 889 887 
890 828 888 
951 891 889 
892 830 890 
953 893 891 
894 832 892 
955 895 893 
896 834 894 
957 897 895 
898 836 896 
959 899 897 
1800 838 898 
961 901 1800 
902 840 900 
963 903 901 
904 842 902 
965 905 903 
906 844 904 
967 907 905 
908 846 906 
969 909 907 
910 848 908 
971 911 909 
912 850 910 
973 913 911 
914 852 912 
975 915 913 
916 854 914 
977 917 915 
918 856 916 
979 919 917 
920 858 918 
981 921 919 
922 860 920 
983 923 921 
924 862 922 
985 925 923 
926 864 924 
987 927 925 
928 866 926 
989 929 927 
930 868 928 
991 931 929 
932 870 930 
993 933 931 
934 872 932 
995 935 933 
936 874 934 
997 937 935 
938 876 936 
999 939 937 
940 878 938 
1001 941 939 
942 880 940 
1003 943 941 
944 882 942 
1005 945 943 
946 884 944 
1007 947 945 
948 886 946 
1009 949 947 
950 888 948 
1011 951 949 
952 890 950 
1013 953 951 
954 892 952 
1015 955 953 
956 894 954 
1017 957 955 
958 896 956 
1019 959 957 
1800 898 958 
1021 961 1800 
962 900 960 
1023 963 961 
964 902 962 
1025 965 963 
966 904 964 
1027 967 965 
968 906 966 
1029 969 967 
970 908 968 
1031 971 969 
972 910 970 
1033 973 971 
974 912 972 
1035 975 973 
976 914 974 
1037 977 975 
978 916 976 
1039 979 977 
980 918 978 
1041 981 979 
982 920 980 
1043 983 981 
984 922 982 
1045 985 983 
986 924 984 
1047 987 985 
988 926 986 
1049 989 987 
990 928 988 
1051 991 989 
992 930 990 
1053 993 991 
994 932 992 
1055 995 993 
996 934 994 
1057 997 995 
998 936 996 
1059 999 997 
1000 938 998 
1061 1001 999 
1002 940 1000 
1063 1003 1001 
1004 942 1002 
1065 1005 1003 
1006 944 1004 
1067 1007 1005 
1008 946 1006 
1069 1009 1007 
1010 948 1008 
1071 1011 1009 
1012 950 1010 
1073 1013 1011 
1014 952 1012 
1075 1015 1013 
1016 954 1014 
1077 1017 1015 
1018 956 1016 
1079 1019 1017 
1800 958 1018 
1081 1021 1800 
1022 960 1020 
1083 1023 1021 
1024 962 1022 
1085 1025 1023 
1026 964 1024 
1087 1027 1025 
1028 966 1026 
1089 1029 1027 
1030 968 1028 
1091 1031 1029 
1032 970 1030 
1093 1033 1031 
1034 972 1032 
1095 1035 1033 
1036 974 1034 
1097 1037 1035 
1038 976 1036 
1099 1039 1037 
1040 978 1038 
1101 1041 1039 
1042 980 1040 
1103 1043 1041 
1044 982 1042 
1105 1045 1043 
1046 984 1044 
1107 1047 1045 
1048 986 1046 
1109 1049 1047 
1050 988 1048 
1111 1051 1049 
1052 990 1050 
1113 1053 1051 
1054 992 1052 
1115 1055 1053 
1056 994 1054 
1117 1057 1055 
1058 996 1056 
1119 1059 1057 
1060 998 1058 
1121 1061 1059 
1062 1000 1060 
1123 1063 1061 
1064 1002 1062 
1125 1065 1063 
1066 1004 1064 
1127 1067 1065 
1068 1006 1066 
1129 1069 1067 
1070 1008 1068 
1131 1071 1069 
1072 1010 1070 
1133 1073 1071 
1074 1012 1072 
1135 1075 1073 
1076 1014 1074 
1137 1077 1075 
1078 1016 1076 
1139 1079 1077 
1800 1018 1078 
1141 1081 1800 
1082 1020 1080 
1143 1083 1081 
1084 1022 1082 
1145 1085 1083 
1086 1024 1084 
1147 1087 1085 
1088 1026 1086 
1149 1089 1087 
1090 1028 1088 
1151 1091 1089 
1092 1030 1090 
1153 1093 1091 
1094 1032 1092 
1155 1095 1093 
1096 1034 1094 
1157 1097 1095 
1098 1036 1096 
1159 1099 1097 
1100 1038 1098 
1161 1101 1099 
1102 1040 1100 
1163 1103 1101 
1104 1042 1102 
1165 1105 1103 
1106 1044 1104 
1167 1107 1105 
1108 1046 1106 
1169 1109 1107 
1110 1048 1108 
1171 1111 1109 
1112 1050 1110 
1173 1113 1111 
1114 1052 1112 
1175 1115 1113 
1116 1054 1114 
1177 1117 1115 
1118 1056 1116 
1179 1119 1117 
1120 1058 1118 
1181 1121 1119 
1122 1060 1120 
1183 1123 1121 
1124 1062 1122 
1185 1125 1123 
1126 1064 1124 
1187 1127 1125 
1128 1066 1126 
1189 1129 1127 
1130 1068 1128 
1191 1131 1129 
1132 1070 1130 
1193 1133 1131 
1134 1072 1132 
1195 1135 1133 
1136 1074 1134 
1197 1137 1135 
1138 1076 1136 
1199 1139 1137 
1800 1078 1138 
1201 1141 1800 
1142 1080 1140 
1203 1143 1141 
1144 1082 1142 
1205 1145 1143 
1146 1084 1144 
1207 1147 1145 
1148 1086 1146 
1209 1149 1147 
1150 1088 1148 
1211 1151 1149 
1152 1090 1150 
1213 1153 1151 
1154 1092 1152 
1215 1155 1153 
1156 1094 1154 
1217 1157 1155 
1158 1096 1156 
1219 1159 1157 
1160 1098 1158 
1221 1161 1159 
1162 1100 1160 
1223 1163 1161 
1164 1102 1162 
1225 1165 1163 
1166 1104 1164 
1227 1167 1165 
1168 1106 1166 
1229 1169 1167 
1170 1108 1168 
1231 1171 1169 
1172 1110 1170 
1233 1173 1171 
1174 1112 1172 
1235 1175 1173 
1176 1114 1174 
1237 1177 1175 
1178 1116 1176 
1239 1179 1177 
1180 1118 1178 
1241 1181 1179 
1182 1120 1180 
1243 1183 1181 
1184 1122 1182 
1245 1185 1183 
1186 1124 1184 
1247 1187 1185 
1188 1126 1186 
1249 1189 1187 
1190 1128 1188 
1251 1191 1189 
1192 1130 1190 
1253 1193 1191 
1194 1132 1192 
1255 1195 1193 
1196 1134 1194 
1257 1197 1195 
1198 1136 1196 
1259 1199 1197 
1800 1138 1198 
1261 1201 1800 
1202 1140 1200 
1263 1203 1201 
1204 1142 1202 
1265 1205 1203 
1206 1144 1204 
1267 1207 1205 
1208 1146 1206 
1269 1209 1207 
1210 1148 1208 
1271 1211 1209 
1212 1150 1210 
1273 1213 1211 
1214 1152 1212 
1275 1215 1213 
1216 1154 1214 
1277 1217 1215 
1218 1156 1216 
1279 1219 1217 
1220 1158 1218 
1281 1221 1219 
1222 1160 1220 
1283 1223 1221 
1224 1162 1222 
1285 1225 1223 
1226 1164 1224 
1287 1227 1225 
1228 1166 1226 
1289 1229 1227 
1230 1168 1228 
1291 1231 1229 
1232 1170 1230 
1293 1233 1231 
1234 1172 1232 
1295 1235 1233 
1236 1174 1234 
1297 1237 1235 
1238 1176 1236 
1299 1239 1237 
1240 1178 1238 
1301 1241 1239 
1242 1180 1240 
1303 1243 1241 
1244 1182 1242 
1305 1245 1243 
1246 1184 1244 
1307 1247 1245 
1248 1186 1246 
1309 1249 1247 
1250 1188 1248 
1311 1251 1249 
1252 1190 1250 
1313 1253 1251 
1254 1192 1252 
1315 1255 1253 
1256 1194 1254 
1317 1257 1255 
1258 1196 1256 
1319 1259 1257 
1800 1198 1258 
1321 1261 1800 
1262 1200 1260 
1323 1263 1261 
1264 1202 1262 
1325 1265 1263 
1266 1204 1264 
1327 1267 1265 
1268 1206 1266 
1329 1269 1267 
1270 1208 1268 
1331 1271 1269 
1272 1210 1270 
1333 1273 1271 
1274 1212 1272 
1335 1275 1273 
1276 1214 1274 
1337 1277 1275 
1278 1216 1276 
1339 1279 1277 
1280 1218 1278 
1341 1281 1279 
1282 1220 1280 
1343 1283 1281 
1284 1222 1282 
1345 1285 1283 
1286 1224 1284 
1347 1287 1285 
1288 1226 1286 
1349 1289 1287 
1290 1228 1288 
1351 1291 1289 
1292 1230 1290 
1353 1293 1291 
1294 1232 1292 
1355 1295 1293 
1296 1234 1294 
1357 1297 1295 
1298 1236 1296 
1359 1299 1297 
1300 1238 1298 
1361 1301 1299 
1302 1240 1300 
1363 1303 1301 
1304 1242 1302 
1365 1305 1303 
1306 1244 1304 
1367 1307 1305 
1308 1246 1306 
1369 1309 1307 
1310 1248 1308 
1371 1311 1309 
1312 1250 1310 
1373 1313 1311 
1314 1252 1312 
1375 1315 1313 
1316 1254 1314 
1377 1317 1315 
1318 1256 1316 
1379 1319 1317 
1800 1258 1318 
1381 1321 1800 
1322 1260 1320 
1383 1323 1321 
1324 1262 1322 
1385 1325 1323 
1326 1264 1324 
1387 1327 1325 
1328 1266 1326 
1389 1329 1327 
1330 1268 1328 
1391 1331 1329 
1332 1270 1330 
1393 1333 1331 
1334 1272 1332 
1395 1335 1333 
1336 1274 1334 
1397 1337 1335 
1338 1276 1336 
1399 1339 1337 
1340 1278 1338 
1401 1341 1339 
1342 1280 1340 
1403 1343 1341 
1344 1282 1342 
1405 1345 1343 
1346 1284 1344 
1407 1347 1345 
1348 1286 1346 
1409 1349 1347 
1350 1288 1348 
1411 1351 1349 
1352 1290 1350 
1413 1353 1351 
1354 1292 1352 
1415 1355 1353 
1356 1294 1354 
1417 1357 1355 
1358 1296 1356 
1419 1359 1357 
1360 1298 1358 
1421 1361 1359 
1362 1300 1360 
1423 1363 1361 
1364 1302 1362 
1425 1365 1363 
1366 1304 1364 
1427 1367 1365 
1368 1306 1366 
1429 1369 1367 
1370 1308 1368 
1431 1371 1369 
1372 1310 1370 
1433 1373 1371 
1374 1312 1372 
1435 1375 1373 
1376 1314 1374 
1437 1377 1375 
1378 1316 1376 
1439 1379 1377 
1800 1318 1378 
1441 1381 1800 
1382 1320 1380 
1443 1383 1381 
1384 1322 1382 
1445 1385 1383 
1386 1324 1384 
1447 1387 1385 
1388 1326 1386 
1449 1389 1387 
1390 1328 1388 
1451 1391 1389 
1392 1330 1390 
1453 1393 1391 
1394 1332 1392 
1455 1395 1393 
1396 1334 1394 
1457 1397 1395 
1398 1336 1396 
1459 1399 1397 
1400 1338 1398 
1461 1401 1399 
1402 1340 1400 
1463 1403 1401 
1404 1342 1402 
1465 1405 1403 
1406 1344 1404 
1467 1407 1405 
1408 1346 1406 
1469 1409 1407 
1410 1348 1408 
1471 1411 1409 
1412 1350 1410 
1473 1413 1411 
1414 1352 1412 
1475 1415 1413 
1416 1354 1414 
1477 1417 1415 
1418 1356 1416 
1479 1419 1417 
1420 1358 1418 
1481 1421 1419 
1422 1360 1420 
1483 1423 1421 
1424 1362 1422 
1485 1425 1423 
1426 1364 1424 
1487 1427 1425 
1428 1366 1426 
1489 1429 1427 
1430 1368 1428 
1491 1431 1429 
1432 1370 1430 
1493 1433 1431 
1434 1372 1432 
1495 1435 1433 
1436 1374 1434 
1497 1437 1435 
1438 1376 1436 
1499 1439 1437 
1800 1378 1438 
1501 1441 1800 
1442 1380 1440 
1503 1443 1441 
1444 1382 1442 
1505 1445 1443 
1446 1384 1444 
1507 1447 1445 
1448 1386 1446 
1509 1449 1447 
1450 1388 1448 
1511 1451 1449 
1452 1390 1450 
1513 1453 1451 
1454 1392 1452 
1515 1455 1453 
1456 1394 1454 
1517 1457 1455 
1458 1396 1456 
1519 1459 1457 
1460 1398 1458 
1521 1461 1459 
1462 1400 1460 
1523 1463 1461 
1464 1402 1462 
1525 1465 1463 
1466 1404 1464 
1527 1467 1465 
1468 1406 1466 
1529 1469 1467 
1470 1408 1468 
1531 1471 1469 
1472 1410 1470 
1533 1473 1471 
1474 1412 1472 
1535 1475 1473 
1476 1414 1474 
1537 1477 1475 
1478 1416 1476 
1539 1479 1477 
1480 1418 1478 
1541 1481 1479 
1482 1420 1480 
1543 1483 1481 
1484 1422 1482 
1545 1485 1483 
1486 1424 1484 
1547 1487 1485 
1488 1426 1486 
1549 1489 1487 
1490 1428 1488 
1551 1491 1489 
1492 1430 1490 
1553 1493 1491 
1494 1432 1492 
1555 1495 1493 
1496 1434 1494 
1557 1497 1495 
1498 1436 1496 
1559 1499 1497 
1800 1438 1498 
1561 1501 1800 
1502 1440 1500 
1563 1503 1501 
1504 1442 1502 
1565 1505 1503 
1506 1444 1504 
1567 1507 1505 
1508 1446 1506 
1569 1509 1507 
1510 1448 1508 
1571 1511 1509 
1512 1450 1510 
1573 1513 1511 
1514 1452 1512 
1575 1515 1513 
1516 1454 1514 
1577 1517 1515 
1518 1456 1516 
1579 1519 1517 
1520 1458 1518 
1581 1521 1519 
1522 1460 1520 
1583 1523 1521 
1524 1462 1522 
1585 1525 1523 
1526 1464 1524 
1587 1527 1525 
1528 1466 1526 
1589 1529 1527 
1530 1468 1528 
1591 1531 1529 
1532 1470 1530 
1593 1533 1531 
1534 1472 1532 
1595 1535 1533 
1536 1474 1534 
1597 1537 1535 
1538 1476 1536 
1599 1539 1537 
1540 1478 1538 
1601 1541 1539 
1542 1480 1540 
1603 1543 1541 
1544 1482 1542 
1605 1545 1543 
1546 1484 1544 
1607 1547 1545 
1548 1486 1546 
1609 1549 1547 
1550 1488 1548 
1611 1551 1549 
1552 1490 1550 
1613 1553 1551 
1554 1492 1552 
1615 1555 1553 
1556 1494 1554 
1617 1557 1555 
1558 1496 1556 
1619 1559 1557 
1800 1498 1558 
1621 1561 1800 
1562 1500 1560 
1623 1563 1561 
1564 1502 1562 
1625 1565 1563 
1566 1504 1564 
1627 1567 1565 
1568 1506 1566 
1629 1569 1567 
1570 1508 1568 
1631 1571 1569 
1572 1510 1570 
1633 1573 1571 
1574 1512 1572 
1635 1575 1573 
1576 1514 1574 
1637 1577 1575 
1578 1516 1576 
1639 1579 1577 
1580 1518 1578 
1641 1581 1579 
1582 1520 1580 
1643 1583 1581 
1584 1522 1582 
1645 1585 1583 
1586 1524 1584 
1647 1587 1585 
1588 1526 1586 
1649 1589 1587 
1590 1528 1588 
1651 1591 1589 
1592 1530 1590 
1653 1593 1591 
1594 1532 1592 
1655 1595 1593 
1596 1534 1594 
1657 1597 1595 
1598 1536 1596 
1659 1599 1597 
1600 1538 1598 
1661 1601 1599 
1602 1540 1600 
1663 1603 1601 
1604 1542 1602 
1665 1605 1603 
1606 1544 1604 
1667 1607 1605 
1608 1546 1606 
1669 1609 1607 
1610 1548 1608 
1671 1611 1609 
1612 1550 1610 
1673 1613 1611 
1614 1552 1612 
1675 1615 1613 
1616 1554 1614 
1677 1617 1615 
1618 1556 1616 
1679 1619 1617 
1800 1558 1618 
1681 1621 1800 
1622 1560 1620 
1683 1623 1621 
1624 1562 1622 
1685 1625 1623 
1626 1564 1624 
1687 1627 1625 
1628 1566 1626 
1689 1629 1627 
1630 1568 1628 
1691 1631 1629 
1632 1570 1630 
1693 1633 1631 
1634 1572 1632 
1695 1635 1633 
1636 1574 1634 
1697 1637 1635 
1638 1576 1636 
1699 1639 1637 
1640 1578 1638 
1701 1641 1639 
1642 1580 1640 
1703 1643 1641 
1644 1582 1642 
1705 1645 1643 
1646 1584 1644 
1707 1647 1645 
1648 1586 1646 
1709 1649 1647 
1650 1588 1648 
1711 1651 1649 
1652 1590 1650 
1713 1653 1651 
1654 1592 1652 
1715 1655 1653 
1656 1594 1654 
1717 1657 1655 
1658 1596 1656 
1719 1659 1657 
1660 1598 1658 
1721 1661 1659 
1662 1600 1660 
1723 1663 1661 
1664 1602 1662 
1725 1665 1663 
1666 1604 1664 
1727 1667 1665 
1668 1606 1666 
1729 1669 1667 
1670 1608 1668 
1731 1671 1669 
1672 1610 1670 
1733 1673 1671 
1674 1612 1672 
1735 1675 1673 
1676 1614 1674 
1737 1677 1675 
1678 1616 1676 
1739 1679 1677 
1800 1618 1678 
1741 1681 1800 
1682 1620 1680 
1743 1683 1681 
1684 1622 1682 
1745 1685 1683 
1686 1624 1684 
1747 1687 1685 
1688 1626 1686 
1749 1689 1687 
1690 1628 1688 
1751 1691 1689 
1692 1630 1690 
1753 1693 1691 
1694 1632 1692 
1755 1695 1693 
1696 1634 1694 
1757 1697 1695 
1698 1636 1696 
1759 1699 1697 
1700 1638 1698 
1761 1701 1699 
1702 1640 1700 
1763 1703 1701 
1704 1642 1702 
1765 1705 1703 
1706 1644 1704 
1767 1707 1705 
1708 1646 1706 
1769 1709 1707 
1710 1648 1708 
1771 1711 1709 
1712 1650 1710 
1773 1713 1711 
1714 1652 1712 
1775 1715 1713 
1716 1654 1714 
1777 1717 1715 
1718 1656 1716 
1779 1719 1717 
1720 1658 1718 
1781 1721 1719 
1722 1660 1720 
1783 1723 1721 
1724 1662 1722 
1785 1725 1723 
1726 1664 1724 
1787 1727 1725 
1728 1666 1726 
1789 1729 1727 
1730 1668 1728 
1791 1731 1729 
1732 1670 1730 
1793 1733 1731 
1734 1672 1732 
1795 1735 1733 
1736 1674 1734 
1797 1737 1735 
1738 1676 1736 
1799 1739 1737 
1800 1678 1738 
1800 1741 1800 
1742 1680 1740 
1800 1743 1741 
1744 1682 1742 
1800 1745 1743 
1746 1684 1744 
1800 1747 1745 
1748 1686 1746 
1800 1749 1747 
1750 1688 1748 
1800 1751 1749 
1752 1690 1750 
1800 1753 1751 
1754 1692 1752 
1800 1755 1753 
1756 1694 1754 
1800 1757 1755 
1758 1696 1756 
1800 1759 1757 
1760 1698 1758 
1800 1761 1759 
1762 1700 1760 
1800 1763 1761 
1764 1702 1762 
1800 1765 1763 
1766 1704 1764 
1800 1767 1765 
1768 1706 1766 
1800 1769 1767 
1770 1708 1768 
1800 1771 1769 
1772 1710 1770 
1800 1773 1771 
1774 1712 1772 
1800 1775 1773 
1776 1714 1774 
1800 1777 1775 
1778 1716 1776 
1800 1779 1777 
1780 1718 1778 
1800 1781 1779 
1782 1720 1780 
1800 1783 1781 
1784 1722 1782 
1800 1785 1783 
1786 1724 1784 
1800 1787 1785 
1788 1726 1786 
1800 1789 1787 
1790 1728 1788 
1800 1791 1789 
1792 1730 1790 
1800 1793 1791 
1794 1732 1792 
1800 1795 1793 
1796 1734 1794 
1800 1797 1795 
1798 1736 1796 
1800 1799 1797 
1800 1738 1798 

