41
0 0 0 0
1 0.025 0 0
2 0.05 0 0
3 0.075 0 0
4 0.1 0 0
5 0.125 0 0
6 0.15 0 0
7 0.175 0 0
8 0.2 0 0
9 0.225 0 0
10 0.25 0 0
11 0.275 0 0
12 0.3 0 0
13 0.325 0 0
14 0.35 0 0
15 0.375 0 0
16 0.4 0 0
17 0.425 0 0
18 0.45 0 0
19 0.475 0 0
20 0.5 0 0
21 0.525 0 0
22 0.55 0 0
23 0.575 0 0
24 0.6 0 0
25 0.625 0 0
26 0.65 0 0
27 0.675 0 0
28 0.7 0 0
29 0.725 0 0
30 0.75 0 0
31 0.775 0 0
32 0.8 0 0
33 0.825 0 0
34 0.85 0 0
35 0.875 0 0
36 0.9 0 0
37 0.925 0 0
38 0.95 0 0
39 0.975 0 0
40 1 0 0
41
0 3 0 0 1 
1 3 0 1 2 
2 3 0 2 3 
3 3 0 3 4 
4 3 0 4 5 
5 3 0 5 6 
6 3 0 6 7 
7 3 0 7 8 
8 3 0 8 9 
9 3 0 9 10 
10 3 0 10 11 
11 3 0 11 12 
12 3 0 12 13 
13 3 0 13 14 
14 3 0 14 15 
15 3 0 15 16 
16 3 0 16 17 
17 3 0 17 18 
18 3 0 18 19 
19 3 0 19 20 
20 3 1 20 21 
21 3 1 21 22 
22 3 1 22 23 
23 3 1 23 24 
24 3 1 24 25 
25 3 1 25 26 
26 3 1 26 27 
27 3 1 27 28 
28 3 1 28 29 
29 3 1 29 30 
30 3 1 30 31 
31 3 1 31 32 
32 3 1 32 33 
33 3 1 33 34 
34 3 1 34 35 
35 3 1 35 36 
36 3 1 36 37 
37 3 1 37 38 
38 3 1 38 39 
39 3 1 39 40 
40 6 0 
1 40 
2 0 
3 1 
4 2 
5 3 
6 4 
7 5 
8 6 
9 7 
10 8 
11 9 
12 10 
13 11 
14 12 
15 13 
16 14 
17 15 
18 16 
19 17 
20 18 
21 19 
22 20 
23 21 
24 22 
25 23 
26 24 
27 25 
28 26 
29 27 
30 28 
31 29 
32 30 
33 31 
34 32 
35 33 
36 34 
37 35 
38 36 
39 37 
40 38 

