841
0 0 0 0
1 0 0.0357143 0
2 0 0.0714286 0
3 0 0.107143 0
4 0 0.142857 0
5 0 0.178571 0
6 0 0.214286 0
7 0 0.25 0
8 0 0.285714 0
9 0 0.321429 0
10 0 0.357143 0
11 0 0.392857 0
12 0 0.428571 0
13 0 0.464286 0
14 0 0.5 0
15 0 0.535714 0
16 0 0.571429 0
17 0 0.607143 0
18 0 0.642857 0
19 0 0.678571 0
20 0 0.714286 0
21 0 0.75 0
22 0 0.785714 0
23 0 0.821429 0
24 0 0.857143 0
25 0 0.892857 0
26 0 0.928571 0
27 0 0.964286 0
28 0 1 0
29 0.0357143 0 0
30 0.0357143 0.0357143 0
31 0.0357143 0.0714286 0
32 0.0357143 0.107143 0
33 0.0357143 0.142857 0
34 0.0357143 0.178571 0
35 0.0357143 0.214286 0
36 0.0357143 0.25 0
37 0.0357143 0.285714 0
38 0.0357143 0.321429 0
39 0.0357143 0.357143 0
40 0.0357143 0.392857 0
41 0.0357143 0.428571 0
42 0.0357143 0.464286 0
43 0.0357143 0.5 0
44 0.0357143 0.535714 0
45 0.0357143 0.571429 0
46 0.0357143 0.607143 0
47 0.0357143 0.642857 0
48 0.0357143 0.678571 0
49 0.0357143 0.714286 0
50 0.0357143 0.75 0
51 0.0357143 0.785714 0
52 0.0357143 0.821429 0
53 0.0357143 0.857143 0
54 0.0357143 0.892857 0
55 0.0357143 0.928571 0
56 0.0357143 0.964286 0
57 0.0357143 1 0
58 0.0714286 0 0
59 0.0714286 0.0357143 0
60 0.0714286 0.0714286 0
61 0.0714286 0.107143 0
62 0.0714286 0.142857 0
63 0.0714286 0.178571 0
64 0.0714286 0.214286 0
65 0.0714286 0.25 0
66 0.0714286 0.285714 0
67 0.0714286 0.321429 0
68 0.0714286 0.357143 0
69 0.0714286 0.392857 0
70 0.0714286 0.428571 0
71 0.0714286 0.464286 0
72 0.0714286 0.5 0
73 0.0714286 0.535714 0
74 0.0714286 0.571429 0
75 0.0714286 0.607143 0
76 0.0714286 0.642857 0
77 0.0714286 0.678571 0
78 0.0714286 0.714286 0
79 0.0714286 0.75 0
80 0.0714286 0.785714 0
81 0.0714286 0.821429 0
82 0.0714286 0.857143 0
83 0.0714286 0.892857 0
84 0.0714286 0.928571 0
85 0.0714286 0.964286 0
86 0.0714286 1 0
87 0.107143 0 0
88 0.107143 0.0357143 0
89 0.107143 0.0714286 0
90 0.107143 0.107143 0
91 0.107143 0.142857 0
92 0.107143 0.178571 0
93 0.107143 0.214286 0
94 0.107143 0.25 0
95 0.107143 0.285714 0
96 0.107143 0.321429 0
97 0.107143 0.357143 0
98 0.107143 0.392857 0
99 0.107143 0.428571 0
100 0.107143 0.464286 0
101 0.107143 0.5 0
102 0.107143 0.535714 0
103 0.107143 0.571429 0
104 0.107143 0.607143 0
105 0.107143 0.642857 0
106 0.107143 0.678571 0
107 0.107143 0.714286 0
108 0.107143 0.75 0
109 0.107143 0.785714 0
110 0.107143 0.821429 0
111 0.107143 0.857143 0
112 0.107143 0.892857 0
113 0.107143 0.928571 0
114 0.107143 0.964286 0
115 0.107143 1 0
116 0.142857 0 0
117 0.142857 0.0357143 0
118 0.142857 0.0714286 0
119 0.142857 0.107143 0
120 0.142857 0.142857 0
121 0.142857 0.178571 0
122 0.142857 0.214286 0
123 0.142857 0.25 0
124 0.142857 0.285714 0
125 0.142857 0.321429 0
126 0.142857 0.357143 0
127 0.142857 0.392857 0
128 0.142857 0.428571 0
129 0.142857 0.464286 0
130 0.142857 0.5 0
131 0.142857 0.535714 0
132 0.142857 0.571429 0
133 0.142857 0.607143 0
134 0.142857 0.642857 0
135 0.142857 0.678571 0
136 0.142857 0.714286 0
137 0.142857 0.75 0
138 0.142857 0.785714 0
139 0.142857 0.821429 0
140 0.142857 0.857143 0
141 0.142857 0.892857 0
142 0.142857 0.928571 0
143 0.142857 0.964286 0
144 0.142857 1 0
145 0.178571 0 0
146 0.178571 0.0357143 0
147 0.178571 0.0714286 0
148 0.178571 0.107143 0
149 0.178571 0.142857 0
150 0.178571 0.178571 0
151 0.178571 0.214286 0
152 0.178571 0.25 0
153 0.178571 0.285714 0
154 0.178571 0.321429 0
155 0.178571 0.357143 0
156 0.178571 0.392857 0
157 0.178571 0.428571 0
158 0.178571 0.464286 0
159 0.178571 0.5 0
160 0.178571 0.535714 0
161 0.178571 0.571429 0
162 0.178571 0.607143 0
163 0.178571 0.642857 0
164 0.178571 0.678571 0
165 0.178571 0.714286 0
166 0.178571 0.75 0
167 0.178571 0.785714 0
168 0.178571 0.821429 0
169 0.178571 0.857143 0
170 0.178571 0.892857 0
171 0.178571 0.928571 0
172 0.178571 0.964286 0
173 0.178571 1 0
174 0.214286 0 0
175 0.214286 0.0357143 0
176 0.214286 0.0714286 0
177 0.214286 0.107143 0
178 0.214286 0.142857 0
179 0.214286 0.178571 0
180 0.214286 0.214286 0
181 0.214286 0.25 0
182 0.214286 0.285714 0
183 0.214286 0.321429 0
184 0.214286 0.357143 0
185 0.214286 0.392857 0
186 0.214286 0.428571 0
187 0.214286 0.464286 0
188 0.214286 0.5 0
189 0.214286 0.535714 0
190 0.214286 0.571429 0
191 0.214286 0.607143 0
192 0.214286 0.642857 0
193 0.214286 0.678571 0
194 0.214286 0.714286 0
195 0.214286 0.75 0
196 0.214286 0.785714 0
197 0.214286 0.821429 0
198 0.214286 0.857143 0
199 0.214286 0.892857 0
200 0.214286 0.928571 0
201 0.214286 0.964286 0
202 0.214286 1 0
203 0.25 0 0
204 0.25 0.0357143 0
205 0.25 0.0714286 0
206 0.25 0.107143 0
207 0.25 0.142857 0
208 0.25 0.178571 0
209 0.25 0.214286 0
210 0.25 0.25 0
211 0.25 0.285714 0
212 0.25 0.321429 0
213 0.25 0.357143 0
214 0.25 0.392857 0
215 0.25 0.428571 0
216 0.25 0.464286 0
217 0.25 0.5 0
218 0.25 0.535714 0
219 0.25 0.571429 0
220 0.25 0.607143 0
221 0.25 0.642857 0
222 0.25 0.678571 0
223 0.25 0.714286 0
224 0.25 0.75 0
225 0.25 0.785714 0
226 0.25 0.821429 0
227 0.25 0.857143 0
228 0.25 0.892857 0
229 0.25 0.928571 0
230 0.25 0.964286 0
231 0.25 1 0
232 0.285714 0 0
233 0.285714 0.0357143 0
234 0.285714 0.0714286 0
235 0.285714 0.107143 0
236 0.285714 0.142857 0
237 0.285714 0.178571 0
238 0.285714 0.214286 0
239 0.285714 0.25 0
240 0.285714 0.285714 0
241 0.285714 0.321429 0
242 0.285714 0.357143 0
243 0.285714 0.392857 0
244 0.285714 0.428571 0
245 0.285714 0.464286 0
246 0.285714 0.5 0
247 0.285714 0.535714 0
248 0.285714 0.571429 0
249 0.285714 0.607143 0
250 0.285714 0.642857 0
251 0.285714 0.678571 0
252 0.285714 0.714286 0
253 0.285714 0.75 0
254 0.285714 0.785714 0
255 0.285714 0.821429 0
256 0.285714 0.857143 0
257 0.285714 0.892857 0
258 0.285714 0.928571 0
259 0.285714 0.964286 0
260 0.285714 1 0
261 0.321429 0 0
262 0.321429 0.0357143 0
263 0.321429 0.0714286 0
264 0.321429 0.107143 0
265 0.321429 0.142857 0
266 0.321429 0.178571 0
267 0.321429 0.214286 0
268 0.321429 0.25 0
269 0.321429 0.285714 0
270 0.321429 0.321429 0
271 0.321429 0.357143 0
272 0.321429 0.392857 0
273 0.321429 0.428571 0
274 0.321429 0.464286 0
275 0.321429 0.5 0
276 0.321429 0.535714 0
277 0.321429 0.571429 0
278 0.321429 0.607143 0
279 0.321429 0.642857 0
280 0.321429 0.678571 0
281 0.321429 0.714286 0
282 0.321429 0.75 0
283 0.321429 0.785714 0
284 0.321429 0.821429 0
285 0.321429 0.857143 0
286 0.321429 0.892857 0
287 0.321429 0.928571 0
288 0.321429 0.964286 0
289 0.321429 1 0
290 0.357143 0 0
291 0.357143 0.0357143 0
292 0.357143 0.0714286 0
293 0.357143 0.107143 0
294 0.357143 0.142857 0
295 0.357143 0.178571 0
296 0.357143 0.214286 0
297 0.357143 0.25 0
298 0.357143 0.285714 0
299 0.357143 0.321429 0
300 0.357143 0.357143 0
301 0.357143 0.392857 0
302 0.357143 0.428571 0
303 0.357143 0.464286 0
304 0.357143 0.5 0
305 0.357143 0.535714 0
306 0.357143 0.571429 0
307 0.357143 0.607143 0
308 0.357143 0.642857 0
309 0.357143 0.678571 0
310 0.357143 0.714286 0
311 0.357143 0.75 0
312 0.357143 0.785714 0
313 0.357143 0.821429 0
314 0.357143 0.857143 0
315 0.357143 0.892857 0
316 0.357143 0.928571 0
317 0.357143 0.964286 0
318 0.357143 1 0
319 0.392857 0 0
320 0.392857 0.0357143 0
321 0.392857 0.0714286 0
322 0.392857 0.107143 0
323 0.392857 0.142857 0
324 0.392857 0.178571 0
325 0.392857 0.214286 0
326 0.392857 0.25 0
327 0.392857 0.285714 0
328 0.392857 0.321429 0
329 0.392857 0.357143 0
330 0.392857 0.392857 0
331 0.392857 0.428571 0
332 0.392857 0.464286 0
333 0.392857 0.5 0
334 0.392857 0.535714 0
335 0.392857 0.571429 0
336 0.392857 0.607143 0
337 0.392857 0.642857 0
338 0.392857 0.678571 0
339 0.392857 0.714286 0
340 0.392857 0.75 0
341 0.392857 0.785714 0
342 0.392857 0.821429 0
343 0.392857 0.857143 0
344 0.392857 0.892857 0
345 0.392857 0.928571 0
346 0.392857 0.964286 0
347 0.392857 1 0
348 0.428571 0 0
349 0.428571 0.0357143 0
350 0.428571 0.0714286 0
351 0.428571 0.107143 0
352 0.428571 0.142857 0
353 0.428571 0.178571 0
354 0.428571 0.214286 0
355 0.428571 0.25 0
356 0.428571 0.285714 0
357 0.428571 0.321429 0
358 0.428571 0.357143 0
359 0.428571 0.392857 0
360 0.428571 0.428571 0
361 0.428571 0.464286 0
362 0.428571 0.5 0
363 0.428571 0.535714 0
364 0.428571 0.571429 0
365 0.428571 0.607143 0
366 0.428571 0.642857 0
367 0.428571 0.678571 0
368 0.428571 0.714286 0
369 0.428571 0.75 0
370 0.428571 0.785714 0
371 0.428571 0.821429 0
372 0.428571 0.857143 0
373 0.428571 0.892857 0
374 0.428571 0.928571 0
375 0.428571 0.964286 0
376 0.428571 1 0
377 0.464286 0 0
378 0.464286 0.0357143 0
379 0.464286 0.0714286 0
380 0.464286 0.107143 0
381 0.464286 0.142857 0
382 0.464286 0.178571 0
383 0.464286 0.214286 0
384 0.464286 0.25 0
385 0.464286 0.285714 0
386 0.464286 0.321429 0
387 0.464286 0.357143 0
388 0.464286 0.392857 0
389 0.464286 0.428571 0
390 0.464286 0.464286 0
391 0.464286 0.5 0
392 0.464286 0.535714 0
393 0.464286 0.571429 0
394 0.464286 0.607143 0
395 0.464286 0.642857 0
396 0.464286 0.678571 0
397 0.464286 0.714286 0
398 0.464286 0.75 0
399 0.464286 0.785714 0
400 0.464286 0.821429 0
401 0.464286 0.857143 0
402 0.464286 0.892857 0
403 0.464286 0.928571 0
404 0.464286 0.964286 0
405 0.464286 1 0
406 0.5 0 0
407 0.5 0.0357143 0
408 0.5 0.0714286 0
409 0.5 0.107143 0
410 0.5 0.142857 0
411 0.5 0.178571 0
412 0.5 0.214286 0
413 0.5 0.25 0
414 0.5 0.285714 0
415 0.5 0.321429 0
416 0.5 0.357143 0
417 0.5 0.392857 0
418 0.5 0.428571 0
419 0.5 0.464286 0
420 0.5 0.5 0
421 0.5 0.535714 0
422 0.5 0.571429 0
423 0.5 0.607143 0
424 0.5 0.642857 0
425 0.5 0.678571 0
426 0.5 0.714286 0
427 0.5 0.75 0
428 0.5 0.785714 0
429 0.5 0.821429 0
430 0.5 0.857143 0
431 0.5 0.892857 0
432 0.5 0.928571 0
433 0.5 0.964286 0
434 0.5 1 0
435 0.535714 0 0
436 0.535714 0.0357143 0
437 0.535714 0.0714286 0
438 0.535714 0.107143 0
439 0.535714 0.142857 0
440 0.535714 0.178571 0
441 0.535714 0.214286 0
442 0.535714 0.25 0
443 0.535714 0.285714 0
444 0.535714 0.321429 0
445 0.535714 0.357143 0
446 0.535714 0.392857 0
447 0.535714 0.428571 0
448 0.535714 0.464286 0
449 0.535714 0.5 0
450 0.535714 0.535714 0
451 0.535714 0.571429 0
452 0.535714 0.607143 0
453 0.535714 0.642857 0
454 0.535714 0.678571 0
455 0.535714 0.714286 0
456 0.535714 0.75 0
457 0.535714 0.785714 0
458 0.535714 0.821429 0
459 0.535714 0.857143 0
460 0.535714 0.892857 0
461 0.535714 0.928571 0
462 0.535714 0.964286 0
463 0.535714 1 0
464 0.571429 0 0
465 0.571429 0.0357143 0
466 0.571429 0.0714286 0
467 0.571429 0.107143 0
468 0.571429 0.142857 0
469 0.571429 0.178571 0
470 0.571429 0.214286 0
471 0.571429 0.25 0
472 0.571429 0.285714 0
473 0.571429 0.321429 0
474 0.571429 0.357143 0
475 0.571429 0.392857 0
476 0.571429 0.428571 0
477 0.571429 0.464286 0
478 0.571429 0.5 0
479 0.571429 0.535714 0
480 0.571429 0.571429 0
481 0.571429 0.607143 0
482 0.571429 0.642857 0
483 0.571429 0.678571 0
484 0.571429 0.714286 0
485 0.571429 0.75 0
486 0.571429 0.785714 0
487 0.571429 0.821429 0
488 0.571429 0.857143 0
489 0.571429 0.892857 0
490 0.571429 0.928571 0
491 0.571429 0.964286 0
492 0.571429 1 0
493 0.607143 0 0
494 0.607143 0.0357143 0
495 0.607143 0.0714286 0
496 0.607143 0.107143 0
497 0.607143 0.142857 0
498 0.607143 0.178571 0
499 0.607143 0.214286 0
500 0.607143 0.25 0
501 0.607143 0.285714 0
502 0.607143 0.321429 0
503 0.607143 0.357143 0
504 0.607143 0.392857 0
505 0.607143 0.428571 0
506 0.607143 0.464286 0
507 0.607143 0.5 0
508 0.607143 0.535714 0
509 0.607143 0.571429 0
510 0.607143 0.607143 0
511 0.607143 0.642857 0
512 0.607143 0.678571 0
513 0.607143 0.714286 0
514 0.607143 0.75 0
515 0.607143 0.785714 0
516 0.607143 0.821429 0
517 0.607143 0.857143 0
518 0.607143 0.892857 0
519 0.607143 0.928571 0
520 0.607143 0.964286 0
521 0.607143 1 0
522 0.642857 0 0
523 0.642857 0.0357143 0
524 0.642857 0.0714286 0
525 0.642857 0.107143 0
526 0.642857 0.142857 0
527 0.642857 0.178571 0
528 0.642857 0.214286 0
529 0.642857 0.25 0
530 0.642857 0.285714 0
531 0.642857 0.321429 0
532 0.642857 0.357143 0
533 0.642857 0.392857 0
534 0.642857 0.428571 0
535 0.642857 0.464286 0
536 0.642857 0.5 0
537 0.642857 0.535714 0
538 0.642857 0.571429 0
539 0.642857 0.607143 0
540 0.642857 0.642857 0
541 0.642857 0.678571 0
542 0.642857 0.714286 0
543 0.642857 0.75 0
544 0.642857 0.785714 0
545 0.642857 0.821429 0
546 0.642857 0.857143 0
547 0.642857 0.892857 0
548 0.642857 0.928571 0
549 0.642857 0.964286 0
550 0.642857 1 0
551 0.678571 0 0
552 0.678571 0.0357143 0
553 0.678571 0.0714286 0
554 0.678571 0.107143 0
555 0.678571 0.142857 0
556 0.678571 0.178571 0
557 0.678571 0.214286 0
558 0.678571 0.25 0
559 0.678571 0.285714 0
560 0.678571 0.321429 0
561 0.678571 0.357143 0
562 0.678571 0.392857 0
563 0.678571 0.428571 0
564 0.678571 0.464286 0
565 0.678571 0.5 0
566 0.678571 0.535714 0
567 0.678571 0.571429 0
568 0.678571 0.607143 0
569 0.678571 0.642857 0
570 0.678571 0.678571 0
571 0.678571 0.714286 0
572 0.678571 0.75 0
573 0.678571 0.785714 0
574 0.678571 0.821429 0
575 0.678571 0.857143 0
576 0.678571 0.892857 0
577 0.678571 0.928571 0
578 0.678571 0.964286 0
579 0.678571 1 0
580 0.714286 0 0
581 0.714286 0.0357143 0
582 0.714286 0.0714286 0
583 0.714286 0.107143 0
584 0.714286 0.142857 0
585 0.714286 0.178571 0
586 0.714286 0.214286 0
587 0.714286 0.25 0
588 0.714286 0.285714 0
589 0.714286 0.321429 0
590 0.714286 0.357143 0
591 0.714286 0.392857 0
592 0.714286 0.428571 0
593 0.714286 0.464286 0
594 0.714286 0.5 0
595 0.714286 0.535714 0
596 0.714286 0.571429 0
597 0.714286 0.607143 0
598 0.714286 0.642857 0
599 0.714286 0.678571 0
600 0.714286 0.714286 0
601 0.714286 0.75 0
602 0.714286 0.785714 0
603 0.714286 0.821429 0
604 0.714286 0.857143 0
605 0.714286 0.892857 0
606 0.714286 0.928571 0
607 0.714286 0.964286 0
608 0.714286 1 0
609 0.75 0 0
610 0.75 0.0357143 0
611 0.75 0.0714286 0
612 0.75 0.107143 0
613 0.75 0.142857 0
614 0.75 0.178571 0
615 0.75 0.214286 0
616 0.75 0.25 0
617 0.75 0.285714 0
618 0.75 0.321429 0
619 0.75 0.357143 0
620 0.75 0.392857 0
621 0.75 0.428571 0
622 0.75 0.464286 0
623 0.75 0.5 0
624 0.75 0.535714 0
625 0.75 0.571429 0
626 0.75 0.607143 0
627 0.75 0.642857 0
628 0.75 0.678571 0
629 0.75 0.714286 0
630 0.75 0.75 0
631 0.75 0.785714 0
632 0.75 0.821429 0
633 0.75 0.857143 0
634 0.75 0.892857 0
635 0.75 0.928571 0
636 0.75 0.964286 0
637 0.75 1 0
638 0.785714 0 0
639 0.785714 0.0357143 0
640 0.785714 0.0714286 0
641 0.785714 0.107143 0
642 0.785714 0.142857 0
643 0.785714 0.178571 0
644 0.785714 0.214286 0
645 0.785714 0.25 0
646 0.785714 0.285714 0
647 0.785714 0.321429 0
648 0.785714 0.357143 0
649 0.785714 0.392857 0
650 0.785714 0.428571 0
651 0.785714 0.464286 0
652 0.785714 0.5 0
653 0.785714 0.535714 0
654 0.785714 0.571429 0
655 0.785714 0.607143 0
656 0.785714 0.642857 0
657 0.785714 0.678571 0
658 0.785714 0.714286 0
659 0.785714 0.75 0
660 0.785714 0.785714 0
661 0.785714 0.821429 0
662 0.785714 0.857143 0
663 0.785714 0.892857 0
664 0.785714 0.928571 0
665 0.785714 0.964286 0
666 0.785714 1 0
667 0.821429 0 0
668 0.821429 0.0357143 0
669 0.821429 0.0714286 0
670 0.821429 0.107143 0
671 0.821429 0.142857 0
672 0.821429 0.178571 0
673 0.821429 0.214286 0
674 0.821429 0.25 0
675 0.821429 0.285714 0
676 0.821429 0.321429 0
677 0.821429 0.357143 0
678 0.821429 0.392857 0
679 0.821429 0.428571 0
680 0.821429 0.464286 0
681 0.821429 0.5 0
682 0.821429 0.535714 0
683 0.821429 0.571429 0
684 0.821429 0.607143 0
685 0.821429 0.642857 0
686 0.821429 0.678571 0
687 0.821429 0.714286 0
688 0.821429 0.75 0
689 0.821429 0.785714 0
690 0.821429 0.821429 0
691 0.821429 0.857143 0
692 0.821429 0.892857 0
693 0.821429 0.928571 0
694 0.821429 0.964286 0
695 0.821429 1 0
696 0.857143 0 0
697 0.857143 0.0357143 0
698 0.857143 0.0714286 0
699 0.857143 0.107143 0
700 0.857143 0.142857 0
701 0.857143 0.178571 0
702 0.857143 0.214286 0
703 0.857143 0.25 0
704 0.857143 0.285714 0
705 0.857143 0.321429 0
706 0.857143 0.357143 0
707 0.857143 0.392857 0
708 0.857143 0.428571 0
709 0.857143 0.464286 0
710 0.857143 0.5 0
711 0.857143 0.535714 0
712 0.857143 0.571429 0
713 0.857143 0.607143 0
714 0.857143 0.642857 0
715 0.857143 0.678571 0
716 0.857143 0.714286 0
717 0.857143 0.75 0
718 0.857143 0.785714 0
719 0.857143 0.821429 0
720 0.857143 0.857143 0
721 0.857143 0.892857 0
722 0.857143 0.928571 0
723 0.857143 0.964286 0
724 0.857143 1 0
725 0.892857 0 0
726 0.892857 0.0357143 0
727 0.892857 0.0714286 0
728 0.892857 0.107143 0
729 0.892857 0.142857 0
730 0.892857 0.178571 0
731 0.892857 0.214286 0
732 0.892857 0.25 0
733 0.892857 0.285714 0
734 0.892857 0.321429 0
735 0.892857 0.357143 0
736 0.892857 0.392857 0
737 0.892857 0.428571 0
738 0.892857 0.464286 0
739 0.892857 0.5 0
740 0.892857 0.535714 0
741 0.892857 0.571429 0
742 0.892857 0.607143 0
743 0.892857 0.642857 0
744 0.892857 0.678571 0
745 0.892857 0.714286 0
746 0.892857 0.75 0
747 0.892857 0.785714 0
748 0.892857 0.821429 0
749 0.892857 0.857143 0
750 0.892857 0.892857 0
751 0.892857 0.928571 0
752 0.892857 0.964286 0
753 0.892857 1 0
754 0.928571 0 0
755 0.928571 0.0357143 0
756 0.928571 0.0714286 0
757 0.928571 0.107143 0
758 0.928571 0.142857 0
759 0.928571 0.178571 0
760 0.928571 0.214286 0
761 0.928571 0.25 0
762 0.928571 0.285714 0
763 0.928571 0.321429 0
764 0.928571 0.357143 0
765 0.928571 0.392857 0
766 0.928571 0.428571 0
767 0.928571 0.464286 0
768 0.928571 0.5 0
769 0.928571 0.535714 0
770 0.928571 0.571429 0
771 0.928571 0.607143 0
772 0.928571 0.642857 0
773 0.928571 0.678571 0
774 0.928571 0.714286 0
775 0.928571 0.75 0
776 0.928571 0.785714 0
777 0.928571 0.821429 0
778 0.928571 0.857143 0
779 0.928571 0.892857 0
780 0.928571 0.928571 0
781 0.928571 0.964286 0
782 0.928571 1 0
783 0.964286 0 0
784 0.964286 0.0357143 0
785 0.964286 0.0714286 0
786 0.964286 0.107143 0
787 0.964286 0.142857 0
788 0.964286 0.178571 0
789 0.964286 0.214286 0
790 0.964286 0.25 0
791 0.964286 0.285714 0
792 0.964286 0.321429 0
793 0.964286 0.357143 0
794 0.964286 0.392857 0
795 0.964286 0.428571 0
796 0.964286 0.464286 0
797 0.964286 0.5 0
798 0.964286 0.535714 0
799 0.964286 0.571429 0
800 0.964286 0.607143 0
801 0.964286 0.642857 0
802 0.964286 0.678571 0
803 0.964286 0.714286 0
804 0.964286 0.75 0
805 0.964286 0.785714 0
806 0.964286 0.821429 0
807 0.964286 0.857143 0
808 0.964286 0.892857 0
809 0.964286 0.928571 0
810 0.964286 0.964286 0
811 0.964286 1 0
812 1 0 0
813 1 0.0357143 0
814 1 0.0714286 0
815 1 0.107143 0
816 1 0.142857 0
817 1 0.178571 0
818 1 0.214286 0
819 1 0.25 0
820 1 0.285714 0
821 1 0.321429 0
822 1 0.357143 0
823 1 0.392857 0
824 1 0.428571 0
825 1 0.464286 0
826 1 0.5 0
827 1 0.535714 0
828 1 0.571429 0
829 1 0.607143 0
830 1 0.642857 0
831 1 0.678571 0
832 1 0.714286 0
833 1 0.75 0
834 1 0.785714 0
835 1 0.821429 0
836 1 0.857143 0
837 1 0.892857 0
838 1 0.928571 0
839 1 0.964286 0
840 1 1 0
1569
0 4 0 0 29 30 
1 4 0 0 30 1 
2 4 0 1 30 31 
3 4 0 1 31 2 
4 4 0 2 31 32 
5 4 0 2 32 3 
6 4 0 3 32 33 
7 4 0 3 33 4 
8 4 0 4 33 34 
9 4 0 4 34 5 
10 4 0 5 34 35 
11 4 0 5 35 6 
12 4 0 6 35 36 
13 4 0 6 36 7 
14 4 0 7 36 37 
15 4 0 7 37 8 
16 4 0 8 37 38 
17 4 0 8 38 9 
18 4 0 9 38 39 
19 4 0 9 39 10 
20 4 0 10 39 40 
21 4 0 10 40 11 
22 4 0 11 40 41 
23 4 0 11 41 12 
24 4 0 12 41 42 
25 4 0 12 42 13 
26 4 0 13 42 43 
27 4 0 13 43 14 
28 4 0 14 43 44 
29 4 0 14 44 15 
30 4 0 15 44 45 
31 4 0 15 45 16 
32 4 0 16 45 46 
33 4 0 16 46 17 
34 4 0 17 46 47 
35 4 0 17 47 18 
36 4 0 18 47 48 
37 4 0 18 48 19 
38 4 0 19 48 49 
39 4 0 19 49 20 
40 4 0 20 49 50 
41 4 0 20 50 21 
42 4 0 21 50 51 
43 4 0 21 51 22 
44 4 0 22 51 52 
45 4 0 22 52 23 
46 4 0 23 52 53 
47 4 0 23 53 24 
48 4 0 24 53 54 
49 4 0 24 54 25 
50 4 0 25 54 55 
51 4 0 25 55 26 
52 4 0 26 55 56 
53 4 0 26 56 27 
54 4 0 27 56 57 
55 4 0 27 57 28 
56 4 0 29 58 59 
57 4 0 29 59 30 
58 4 0 30 59 60 
59 4 0 30 60 31 
60 4 0 31 60 61 
61 4 0 31 61 32 
62 4 0 32 61 62 
63 4 0 32 62 33 
64 4 0 33 62 63 
65 4 0 33 63 34 
66 4 0 34 63 64 
67 4 0 34 64 35 
68 4 0 35 64 65 
69 4 0 35 65 36 
70 4 0 36 65 66 
71 4 0 36 66 37 
72 4 0 37 66 67 
73 4 0 37 67 38 
74 4 0 38 67 68 
75 4 0 38 68 39 
76 4 0 39 68 69 
77 4 0 39 69 40 
78 4 0 40 69 70 
79 4 0 40 70 41 
80 4 0 41 70 71 
81 4 0 41 71 42 
82 4 0 42 71 72 
83 4 0 42 72 43 
84 4 0 43 72 73 
85 4 0 43 73 44 
86 4 0 44 73 74 
87 4 0 44 74 45 
88 4 0 45 74 75 
89 4 0 45 75 46 
90 4 0 46 75 76 
91 4 0 46 76 47 
92 4 0 47 76 77 
93 4 0 47 77 48 
94 4 0 48 77 78 
95 4 0 48 78 49 
96 4 0 49 78 79 
97 4 0 49 79 50 
98 4 0 50 79 80 
99 4 0 50 80 51 
100 4 0 51 80 81 
101 4 0 51 81 52 
102 4 0 52 81 82 
103 4 0 52 82 53 
104 4 0 53 82 83 
105 4 0 53 83 54 
106 4 0 54 83 84 
107 4 0 54 84 55 
108 4 0 55 84 85 
109 4 0 55 85 56 
110 4 0 56 85 86 
111 4 0 56 86 57 
112 4 0 58 87 88 
113 4 0 58 88 59 
114 4 0 59 88 89 
115 4 0 59 89 60 
116 4 0 60 89 90 
117 4 0 60 90 61 
118 4 0 61 90 91 
119 4 0 61 91 62 
120 4 0 62 91 92 
121 4 0 62 92 63 
122 4 0 63 92 93 
123 4 0 63 93 64 
124 4 0 64 93 94 
125 4 0 64 94 65 
126 4 0 65 94 95 
127 4 0 65 95 66 
128 4 0 66 95 96 
129 4 0 66 96 67 
130 4 0 67 96 97 
131 4 0 67 97 68 
132 4 0 68 97 98 
133 4 0 68 98 69 
134 4 0 69 98 99 
135 4 0 69 99 70 
136 4 0 70 99 100 
137 4 0 70 100 71 
138 4 0 71 100 101 
139 4 0 71 101 72 
140 4 0 72 101 102 
141 4 0 72 102 73 
142 4 0 73 102 103 
143 4 0 73 103 74 
144 4 0 74 103 104 
145 4 0 74 104 75 
146 4 0 75 104 105 
147 4 0 75 105 76 
148 4 0 76 105 106 
149 4 0 76 106 77 
150 4 0 77 106 107 
151 4 0 77 107 78 
152 4 0 78 107 108 
153 4 0 78 108 79 
154 4 0 79 108 109 
155 4 0 79 109 80 
156 4 0 80 109 110 
157 4 0 80 110 81 
158 4 0 81 110 111 
159 4 0 81 111 82 
160 4 0 82 111 112 
161 4 0 82 112 83 
162 4 0 83 112 113 
163 4 0 83 113 84 
164 4 0 84 113 114 
165 4 0 84 114 85 
166 4 0 85 114 115 
167 4 0 85 115 86 
168 4 0 87 116 117 
169 4 0 87 117 88 
170 4 0 88 117 118 
171 4 0 88 118 89 
172 4 0 89 118 119 
173 4 0 89 119 90 
174 4 0 90 119 120 
175 4 0 90 120 91 
176 4 0 91 120 121 
177 4 0 91 121 92 
178 4 0 92 121 122 
179 4 0 92 122 93 
180 4 0 93 122 123 
181 4 0 93 123 94 
182 4 0 94 123 124 
183 4 0 94 124 95 
184 4 0 95 124 125 
185 4 0 95 125 96 
186 4 0 96 125 126 
187 4 0 96 126 97 
188 4 0 97 126 127 
189 4 0 97 127 98 
190 4 0 98 127 128 
191 4 0 98 128 99 
192 4 0 99 128 129 
193 4 0 99 129 100 
194 4 0 100 129 130 
195 4 0 100 130 101 
196 4 0 101 130 131 
197 4 0 101 131 102 
198 4 0 102 131 132 
199 4 0 102 132 103 
200 4 0 103 132 133 
201 4 0 103 133 104 
202 4 0 104 133 134 
203 4 0 104 134 105 
204 4 0 105 134 135 
205 4 0 105 135 106 
206 4 0 106 135 136 
207 4 0 106 136 107 
208 4 0 107 136 137 
209 4 0 107 137 108 
210 4 0 108 137 138 
211 4 0 108 138 109 
212 4 0 109 138 139 
213 4 0 109 139 110 
214 4 0 110 139 140 
215 4 0 110 140 111 
216 4 0 111 140 141 
217 4 0 111 141 112 
218 4 0 112 141 142 
219 4 0 112 142 113 
220 4 0 113 142 143 
221 4 0 113 143 114 
222 4 0 114 143 144 
223 4 0 114 144 115 
224 4 0 116 145 146 
225 4 0 116 146 117 
226 4 0 117 146 147 
227 4 0 117 147 118 
228 4 0 118 147 148 
229 4 0 118 148 119 
230 4 0 119 148 149 
231 4 0 119 149 120 
232 4 0 120 149 150 
233 4 0 120 150 121 
234 4 0 121 150 151 
235 4 0 121 151 122 
236 4 0 122 151 152 
237 4 0 122 152 123 
238 4 0 123 152 153 
239 4 0 123 153 124 
240 4 0 124 153 154 
241 4 0 124 154 125 
242 4 0 125 154 155 
243 4 0 125 155 126 
244 4 0 126 155 156 
245 4 0 126 156 127 
246 4 0 127 156 157 
247 4 0 127 157 128 
248 4 0 128 157 158 
249 4 0 128 158 129 
250 4 0 129 158 159 
251 4 0 129 159 130 
252 4 0 130 159 160 
253 4 0 130 160 131 
254 4 0 131 160 161 
255 4 0 131 161 132 
256 4 0 132 161 162 
257 4 0 132 162 133 
258 4 0 133 162 163 
259 4 0 133 163 134 
260 4 0 134 163 164 
261 4 0 134 164 135 
262 4 0 135 164 165 
263 4 0 135 165 136 
264 4 0 136 165 166 
265 4 0 136 166 137 
266 4 0 137 166 167 
267 4 0 137 167 138 
268 4 0 138 167 168 
269 4 0 138 168 139 
270 4 0 139 168 169 
271 4 0 139 169 140 
272 4 0 140 169 170 
273 4 0 140 170 141 
274 4 0 141 170 171 
275 4 0 141 171 142 
276 4 0 142 171 172 
277 4 0 142 172 143 
278 4 0 143 172 173 
279 4 0 143 173 144 
280 4 0 145 174 175 
281 4 0 145 175 146 
282 4 0 146 175 176 
283 4 0 146 176 147 
284 4 0 147 176 177 
285 4 0 147 177 148 
286 4 0 148 177 178 
287 4 0 148 178 149 
288 4 0 149 178 179 
289 4 0 149 179 150 
290 4 0 150 179 180 
291 4 0 150 180 151 
292 4 0 151 180 181 
293 4 0 151 181 152 
294 4 0 152 181 182 
295 4 0 152 182 153 
296 4 0 153 182 183 
297 4 0 153 183 154 
298 4 0 154 183 184 
299 4 0 154 184 155 
300 4 0 155 184 185 
301 4 0 155 185 156 
302 4 0 156 185 186 
303 4 0 156 186 157 
304 4 0 157 186 187 
305 4 0 157 187 158 
306 4 0 158 187 188 
307 4 0 158 188 159 
308 4 0 159 188 189 
309 4 0 159 189 160 
310 4 0 160 189 190 
311 4 0 160 190 161 
312 4 0 161 190 191 
313 4 0 161 191 162 
314 4 0 162 191 192 
315 4 0 162 192 163 
316 4 0 163 192 193 
317 4 0 163 193 164 
318 4 0 164 193 194 
319 4 0 164 194 165 
320 4 0 165 194 195 
321 4 0 165 195 166 
322 4 0 166 195 196 
323 4 0 166 196 167 
324 4 0 167 196 197 
325 4 0 167 197 168 
326 4 0 168 197 198 
327 4 0 168 198 169 
328 4 0 169 198 199 
329 4 0 169 199 170 
330 4 0 170 199 200 
331 4 0 170 200 171 
332 4 0 171 200 201 
333 4 0 171 201 172 
334 4 0 172 201 202 
335 4 0 172 202 173 
336 4 0 174 203 204 
337 4 0 174 204 175 
338 4 0 175 204 205 
339 4 0 175 205 176 
340 4 0 176 205 206 
341 4 0 176 206 177 
342 4 0 177 206 207 
343 4 0 177 207 178 
344 4 0 178 207 208 
345 4 0 178 208 179 
346 4 0 179 208 209 
347 4 0 179 209 180 
348 4 0 180 209 210 
349 4 0 180 210 181 
350 4 0 181 210 211 
351 4 0 181 211 182 
352 4 0 182 211 212 
353 4 0 182 212 183 
354 4 0 183 212 213 
355 4 0 183 213 184 
356 4 0 184 213 214 
357 4 0 184 214 185 
358 4 0 185 214 215 
359 4 0 185 215 186 
360 4 0 186 215 216 
361 4 0 186 216 187 
362 4 0 187 216 217 
363 4 0 187 217 188 
364 4 0 188 217 218 
365 4 0 188 218 189 
366 4 0 189 218 219 
367 4 0 189 219 190 
368 4 0 190 219 220 
369 4 0 190 220 191 
370 4 0 191 220 221 
371 4 0 191 221 192 
372 4 0 192 221 222 
373 4 0 192 222 193 
374 4 0 193 222 223 
375 4 0 193 223 194 
376 4 0 194 223 224 
377 4 0 194 224 195 
378 4 0 195 224 225 
379 4 0 195 225 196 
380 4 0 196 225 226 
381 4 0 196 226 197 
382 4 0 197 226 227 
383 4 0 197 227 198 
384 4 0 198 227 228 
385 4 0 198 228 199 
386 4 0 199 228 229 
387 4 0 199 229 200 
388 4 0 200 229 230 
389 4 0 200 230 201 
390 4 0 201 230 231 
391 4 0 201 231 202 
392 4 0 203 232 233 
393 4 0 203 233 204 
394 4 0 204 233 234 
395 4 0 204 234 205 
396 4 0 205 234 235 
397 4 0 205 235 206 
398 4 0 206 235 236 
399 4 0 206 236 207 
400 4 0 207 236 237 
401 4 0 207 237 208 
402 4 0 208 237 238 
403 4 0 208 238 209 
404 4 0 209 238 239 
405 4 0 209 239 210 
406 4 0 210 239 240 
407 4 0 210 240 211 
408 4 0 211 240 241 
409 4 0 211 241 212 
410 4 0 212 241 242 
411 4 0 212 242 213 
412 4 0 213 242 243 
413 4 0 213 243 214 
414 4 0 214 243 244 
415 4 0 214 244 215 
416 4 0 215 244 245 
417 4 0 215 245 216 
418 4 0 216 245 246 
419 4 0 216 246 217 
420 4 0 217 246 247 
421 4 0 217 247 218 
422 4 0 218 247 248 
423 4 0 218 248 219 
424 4 0 219 248 249 
425 4 0 219 249 220 
426 4 0 220 249 250 
427 4 0 220 250 221 
428 4 0 221 250 251 
429 4 0 221 251 222 
430 4 0 222 251 252 
431 4 0 222 252 223 
432 4 0 223 252 253 
433 4 0 223 253 224 
434 4 0 224 253 254 
435 4 0 224 254 225 
436 4 0 225 254 255 
437 4 0 225 255 226 
438 4 0 226 255 256 
439 4 0 226 256 227 
440 4 0 227 256 257 
441 4 0 227 257 228 
442 4 0 228 257 258 
443 4 0 228 258 229 
444 4 0 229 258 259 
445 4 0 229 259 230 
446 4 0 230 259 260 
447 4 0 230 260 231 
448 4 0 232 261 262 
449 4 0 232 262 233 
450 4 0 233 262 263 
451 4 0 233 263 234 
452 4 0 234 263 264 
453 4 0 234 264 235 
454 4 0 235 264 265 
455 4 0 235 265 236 
456 4 0 236 265 266 
457 4 0 236 266 237 
458 4 0 237 266 267 
459 4 0 237 267 238 
460 4 0 238 267 268 
461 4 0 238 268 239 
462 4 0 239 268 269 
463 4 0 239 269 240 
464 4 0 240 269 270 
465 4 0 240 270 241 
466 4 0 241 270 271 
467 4 0 241 271 242 
468 4 0 242 271 272 
469 4 0 242 272 243 
470 4 0 243 272 273 
471 4 0 243 273 244 
472 4 0 244 273 274 
473 4 0 244 274 245 
474 4 0 245 274 275 
475 4 0 245 275 246 
476 4 0 246 275 276 
477 4 0 246 276 247 
478 4 0 247 276 277 
479 4 0 247 277 248 
480 4 0 248 277 278 
481 4 0 248 278 249 
482 4 0 249 278 279 
483 4 0 249 279 250 
484 4 0 250 279 280 
485 4 0 250 280 251 
486 4 0 251 280 281 
487 4 0 251 281 252 
488 4 0 252 281 282 
489 4 0 252 282 253 
490 4 0 253 282 283 
491 4 0 253 283 254 
492 4 0 254 283 284 
493 4 0 254 284 255 
494 4 0 255 284 285 
495 4 0 255 285 256 
496 4 0 256 285 286 
497 4 0 256 286 257 
498 4 0 257 286 287 
499 4 0 257 287 258 
500 4 0 258 287 288 
501 4 0 258 288 259 
502 4 0 259 288 289 
503 4 0 259 289 260 
504 4 0 261 290 291 
505 4 0 261 291 262 
506 4 0 262 291 292 
507 4 0 262 292 263 
508 4 0 263 292 293 
509 4 0 263 293 264 
510 4 0 264 293 294 
511 4 0 264 294 265 
512 4 0 265 294 295 
513 4 0 265 295 266 
514 4 0 266 295 296 
515 4 0 266 296 267 
516 4 0 267 296 297 
517 4 0 267 297 268 
518 4 0 268 297 298 
519 4 0 268 298 269 
520 4 0 269 298 299 
521 4 0 269 299 270 
522 4 0 270 299 300 
523 4 0 270 300 271 
524 4 0 271 300 301 
525 4 0 271 301 272 
526 4 0 272 301 302 
527 4 0 272 302 273 
528 4 0 273 302 303 
529 4 0 273 303 274 
530 4 0 274 303 304 
531 4 0 274 304 275 
532 4 0 275 304 305 
533 4 0 275 305 276 
534 4 0 276 305 306 
535 4 0 276 306 277 
536 4 0 277 306 307 
537 4 0 277 307 278 
538 4 0 278 307 308 
539 4 0 278 308 279 
540 4 0 279 308 309 
541 4 0 279 309 280 
542 4 0 280 309 310 
543 4 0 280 310 281 
544 4 0 281 310 311 
545 4 0 281 311 282 
546 4 0 282 311 312 
547 4 0 282 312 283 
548 4 0 283 312 313 
549 4 0 283 313 284 
550 4 0 284 313 314 
551 4 0 284 314 285 
552 4 0 285 314 315 
553 4 0 285 315 286 
554 4 0 286 315 316 
555 4 0 286 316 287 
556 4 0 287 316 317 
557 4 0 287 317 288 
558 4 0 288 317 318 
559 4 0 288 318 289 
560 4 0 290 319 320 
561 4 0 290 320 291 
562 4 0 291 320 321 
563 4 0 291 321 292 
564 4 0 292 321 322 
565 4 0 292 322 293 
566 4 0 293 322 323 
567 4 0 293 323 294 
568 4 0 294 323 324 
569 4 0 294 324 295 
570 4 0 295 324 325 
571 4 0 295 325 296 
572 4 0 296 325 326 
573 4 0 296 326 297 
574 4 0 297 326 327 
575 4 0 297 327 298 
576 4 0 298 327 328 
577 4 0 298 328 299 
578 4 0 299 328 329 
579 4 0 299 329 300 
580 4 0 300 329 330 
581 4 0 300 330 301 
582 4 0 301 330 331 
583 4 0 301 331 302 
584 4 0 302 331 332 
585 4 0 302 332 303 
586 4 0 303 332 333 
587 4 0 303 333 304 
588 4 0 304 333 334 
589 4 0 304 334 305 
590 4 0 305 334 335 
591 4 0 305 335 306 
592 4 0 306 335 336 
593 4 0 306 336 307 
594 4 0 307 336 337 
595 4 0 307 337 308 
596 4 0 308 337 338 
597 4 0 308 338 309 
598 4 0 309 338 339 
599 4 0 309 339 310 
600 4 0 310 339 340 
601 4 0 310 340 311 
602 4 0 311 340 341 
603 4 0 311 341 312 
604 4 0 312 341 342 
605 4 0 312 342 313 
606 4 0 313 342 343 
607 4 0 313 343 314 
608 4 0 314 343 344 
609 4 0 314 344 315 
610 4 0 315 344 345 
611 4 0 315 345 316 
612 4 0 316 345 346 
613 4 0 316 346 317 
614 4 0 317 346 347 
615 4 0 317 347 318 
616 4 0 319 348 349 
617 4 0 319 349 320 
618 4 0 320 349 350 
619 4 0 320 350 321 
620 4 0 321 350 351 
621 4 0 321 351 322 
622 4 0 322 351 352 
623 4 0 322 352 323 
624 4 0 323 352 353 
625 4 0 323 353 324 
626 4 0 324 353 354 
627 4 0 324 354 325 
628 4 0 325 354 355 
629 4 0 325 355 326 
630 4 0 326 355 356 
631 4 0 326 356 327 
632 4 0 327 356 357 
633 4 0 327 357 328 
634 4 0 328 357 358 
635 4 0 328 358 329 
636 4 0 329 358 359 
637 4 0 329 359 330 
638 4 0 330 359 360 
639 4 0 330 360 331 
640 4 0 331 360 361 
641 4 0 331 361 332 
642 4 0 332 361 362 
643 4 0 332 362 333 
644 4 0 333 362 363 
645 4 0 333 363 334 
646 4 0 334 363 364 
647 4 0 334 364 335 
648 4 0 335 364 365 
649 4 0 335 365 336 
650 4 0 336 365 366 
651 4 0 336 366 337 
652 4 0 337 366 367 
653 4 0 337 367 338 
654 4 0 338 367 368 
655 4 0 338 368 339 
656 4 0 339 368 369 
657 4 0 339 369 340 
658 4 0 340 369 370 
659 4 0 340 370 341 
660 4 0 341 370 371 
661 4 0 341 371 342 
662 4 0 342 371 372 
663 4 0 342 372 343 
664 4 0 343 372 373 
665 4 0 343 373 344 
666 4 0 344 373 374 
667 4 0 344 374 345 
668 4 0 345 374 375 
669 4 0 345 375 346 
670 4 0 346 375 376 
671 4 0 346 376 347 
672 4 0 348 377 378 
673 4 0 348 378 349 
674 4 0 349 378 379 
675 4 0 349 379 350 
676 4 0 350 379 380 
677 4 0 350 380 351 
678 4 0 351 380 381 
679 4 0 351 381 352 
680 4 0 352 381 382 
681 4 0 352 382 353 
682 4 0 353 382 383 
683 4 0 353 383 354 
684 4 0 354 383 384 
685 4 0 354 384 355 
686 4 0 355 384 385 
687 4 0 355 385 356 
688 4 0 356 385 386 
689 4 0 356 386 357 
690 4 0 357 386 387 
691 4 0 357 387 358 
692 4 0 358 387 388 
693 4 0 358 388 359 
694 4 0 359 388 389 
695 4 0 359 389 360 
696 4 0 360 389 390 
697 4 0 360 390 361 
698 4 0 361 390 391 
699 4 0 361 391 362 
700 4 0 362 391 392 
701 4 0 362 392 363 
702 4 0 363 392 393 
703 4 0 363 393 364 
704 4 0 364 393 394 
705 4 0 364 394 365 
706 4 0 365 394 395 
707 4 0 365 395 366 
708 4 0 366 395 396 
709 4 0 366 396 367 
710 4 0 367 396 397 
711 4 0 367 397 368 
712 4 0 368 397 398 
713 4 0 368 398 369 
714 4 0 369 398 399 
715 4 0 369 399 370 
716 4 0 370 399 400 
717 4 0 370 400 371 
718 4 0 371 400 401 
719 4 0 371 401 372 
720 4 0 372 401 402 
721 4 0 372 402 373 
722 4 0 373 402 403 
723 4 0 373 403 374 
724 4 0 374 403 404 
725 4 0 374 404 375 
726 4 0 375 404 405 
727 4 0 375 405 376 
728 4 0 377 406 407 
729 4 0 377 407 378 
730 4 0 378 407 408 
731 4 0 378 408 379 
732 4 0 379 408 409 
733 4 0 379 409 380 
734 4 0 380 409 410 
735 4 0 380 410 381 
736 4 0 381 410 411 
737 4 0 381 411 382 
738 4 0 382 411 412 
739 4 0 382 412 383 
740 4 0 383 412 413 
741 4 0 383 413 384 
742 4 0 384 413 414 
743 4 0 384 414 385 
744 4 0 385 414 415 
745 4 0 385 415 386 
746 4 0 386 415 416 
747 4 0 386 416 387 
748 4 0 387 416 417 
749 4 0 387 417 388 
750 4 0 388 417 418 
751 4 0 388 418 389 
752 4 0 389 418 419 
753 4 0 389 419 390 
754 4 0 390 419 420 
755 4 0 390 420 391 
756 4 0 391 420 421 
757 4 0 391 421 392 
758 4 0 392 421 422 
759 4 0 392 422 393 
760 4 0 393 422 423 
761 4 0 393 423 394 
762 4 0 394 423 424 
763 4 0 394 424 395 
764 4 0 395 424 425 
765 4 0 395 425 396 
766 4 0 396 425 426 
767 4 0 396 426 397 
768 4 0 397 426 427 
769 4 0 397 427 398 
770 4 0 398 427 428 
771 4 0 398 428 399 
772 4 0 399 428 429 
773 4 0 399 429 400 
774 4 0 400 429 430 
775 4 0 400 430 401 
776 4 0 401 430 431 
777 4 0 401 431 402 
778 4 0 402 431 432 
779 4 0 402 432 403 
780 4 0 403 432 433 
781 4 0 403 433 404 
782 4 0 404 433 434 
783 4 0 404 434 405 
784 4 0 406 435 436 
785 4 0 406 436 407 
786 4 0 407 436 437 
787 4 0 407 437 408 
788 4 0 408 437 438 
789 4 0 408 438 409 
790 4 0 409 438 439 
791 4 0 409 439 410 
792 4 0 410 439 440 
793 4 0 410 440 411 
794 4 0 411 440 441 
795 4 0 411 441 412 
796 4 0 412 441 442 
797 4 0 412 442 413 
798 4 0 413 442 443 
799 4 0 413 443 414 
800 4 0 414 443 444 
801 4 0 414 444 415 
802 4 0 415 444 445 
803 4 0 415 445 416 
804 4 0 416 445 446 
805 4 0 416 446 417 
806 4 0 417 446 447 
807 4 0 417 447 418 
808 4 0 418 447 448 
809 4 0 418 448 419 
810 4 0 419 448 449 
811 4 0 419 449 420 
812 4 0 420 449 450 
813 4 0 420 450 421 
814 4 0 421 450 451 
815 4 0 421 451 422 
816 4 0 422 451 452 
817 4 0 422 452 423 
818 4 0 423 452 453 
819 4 0 423 453 424 
820 4 0 424 453 454 
821 4 0 424 454 425 
822 4 0 425 454 455 
823 4 0 425 455 426 
824 4 0 426 455 456 
825 4 0 426 456 427 
826 4 0 427 456 457 
827 4 0 427 457 428 
828 4 0 428 457 458 
829 4 0 428 458 429 
830 4 0 429 458 459 
831 4 0 429 459 430 
832 4 0 430 459 460 
833 4 0 430 460 431 
834 4 0 431 460 461 
835 4 0 431 461 432 
836 4 0 432 461 462 
837 4 0 432 462 433 
838 4 0 433 462 463 
839 4 0 433 463 434 
840 4 0 435 464 465 
841 4 0 435 465 436 
842 4 0 436 465 466 
843 4 0 436 466 437 
844 4 0 437 466 467 
845 4 0 437 467 438 
846 4 0 438 467 468 
847 4 0 438 468 439 
848 4 0 439 468 469 
849 4 0 439 469 440 
850 4 0 440 469 470 
851 4 0 440 470 441 
852 4 0 441 470 471 
853 4 0 441 471 442 
854 4 0 442 471 472 
855 4 0 442 472 443 
856 4 0 443 472 473 
857 4 0 443 473 444 
858 4 0 444 473 474 
859 4 0 444 474 445 
860 4 0 445 474 475 
861 4 0 445 475 446 
862 4 0 446 475 476 
863 4 0 446 476 447 
864 4 0 447 476 477 
865 4 0 447 477 448 
866 4 0 448 477 478 
867 4 0 448 478 449 
868 4 0 449 478 479 
869 4 0 449 479 450 
870 4 0 450 479 480 
871 4 0 450 480 451 
872 4 0 451 480 481 
873 4 0 451 481 452 
874 4 0 452 481 482 
875 4 0 452 482 453 
876 4 0 453 482 483 
877 4 0 453 483 454 
878 4 0 454 483 484 
879 4 0 454 484 455 
880 4 0 455 484 485 
881 4 0 455 485 456 
882 4 0 456 485 486 
883 4 0 456 486 457 
884 4 0 457 486 487 
885 4 0 457 487 458 
886 4 0 458 487 488 
887 4 0 458 488 459 
888 4 0 459 488 489 
889 4 0 459 489 460 
890 4 0 460 489 490 
891 4 0 460 490 461 
892 4 0 461 490 491 
893 4 0 461 491 462 
894 4 0 462 491 492 
895 4 0 462 492 463 
896 4 0 464 493 494 
897 4 0 464 494 465 
898 4 0 465 494 495 
899 4 0 465 495 466 
900 4 0 466 495 496 
901 4 0 466 496 467 
902 4 0 467 496 497 
903 4 0 467 497 468 
904 4 0 468 497 498 
905 4 0 468 498 469 
906 4 0 469 498 499 
907 4 0 469 499 470 
908 4 0 470 499 500 
909 4 0 470 500 471 
910 4 0 471 500 501 
911 4 0 471 501 472 
912 4 0 472 501 502 
913 4 0 472 502 473 
914 4 0 473 502 503 
915 4 0 473 503 474 
916 4 0 474 503 504 
917 4 0 474 504 475 
918 4 0 475 504 505 
919 4 0 475 505 476 
920 4 0 476 505 506 
921 4 0 476 506 477 
922 4 0 477 506 507 
923 4 0 477 507 478 
924 4 0 478 507 508 
925 4 0 478 508 479 
926 4 0 479 508 509 
927 4 0 479 509 480 
928 4 0 480 509 510 
929 4 0 480 510 481 
930 4 0 481 510 511 
931 4 0 481 511 482 
932 4 0 482 511 512 
933 4 0 482 512 483 
934 4 0 483 512 513 
935 4 0 483 513 484 
936 4 0 484 513 514 
937 4 0 484 514 485 
938 4 0 485 514 515 
939 4 0 485 515 486 
940 4 0 486 515 516 
941 4 0 486 516 487 
942 4 0 487 516 517 
943 4 0 487 517 488 
944 4 0 488 517 518 
945 4 0 488 518 489 
946 4 0 489 518 519 
947 4 0 489 519 490 
948 4 0 490 519 520 
949 4 0 490 520 491 
950 4 0 491 520 521 
951 4 0 491 521 492 
952 4 0 493 522 523 
953 4 0 493 523 494 
954 4 0 494 523 524 
955 4 0 494 524 495 
956 4 0 495 524 525 
957 4 0 495 525 496 
958 4 0 496 525 526 
959 4 0 496 526 497 
960 4 0 497 526 527 
961 4 0 497 527 498 
962 4 0 498 527 528 
963 4 0 498 528 499 
964 4 0 499 528 529 
965 4 0 499 529 500 
966 4 0 500 529 530 
967 4 0 500 530 501 
968 4 0 501 530 531 
969 4 0 501 531 502 
970 4 0 502 531 532 
971 4 0 502 532 503 
972 4 0 503 532 533 
973 4 0 503 533 504 
974 4 0 504 533 534 
975 4 0 504 534 505 
976 4 0 505 534 535 
977 4 0 505 535 506 
978 4 0 506 535 536 
979 4 0 506 536 507 
980 4 0 507 536 537 
981 4 0 507 537 508 
982 4 0 508 537 538 
983 4 0 508 538 509 
984 4 0 509 538 539 
985 4 0 509 539 510 
986 4 0 510 539 540 
987 4 0 510 540 511 
988 4 0 511 540 541 
989 4 0 511 541 512 
990 4 0 512 541 542 
991 4 0 512 542 513 
992 4 0 513 542 543 
993 4 0 513 543 514 
994 4 0 514 543 544 
995 4 0 514 544 515 
996 4 0 515 544 545 
997 4 0 515 545 516 
998 4 0 516 545 546 
999 4 0 516 546 517 
1000 4 0 517 546 547 
1001 4 0 517 547 518 
1002 4 0 518 547 548 
1003 4 0 518 548 519 
1004 4 0 519 548 549 
1005 4 0 519 549 520 
1006 4 0 520 549 550 
1007 4 0 520 550 521 
1008 4 0 522 551 552 
1009 4 0 522 552 523 
1010 4 0 523 552 553 
1011 4 0 523 553 524 
1012 4 0 524 553 554 
1013 4 0 524 554 525 
1014 4 0 525 554 555 
1015 4 0 525 555 526 
1016 4 0 526 555 556 
1017 4 0 526 556 527 
1018 4 0 527 556 557 
1019 4 0 527 557 528 
1020 4 0 528 557 558 
1021 4 0 528 558 529 
1022 4 0 529 558 559 
1023 4 0 529 559 530 
1024 4 0 530 559 560 
1025 4 0 530 560 531 
1026 4 0 531 560 561 
1027 4 0 531 561 532 
1028 4 0 532 561 562 
1029 4 0 532 562 533 
1030 4 0 533 562 563 
1031 4 0 533 563 534 
1032 4 0 534 563 564 
1033 4 0 534 564 535 
1034 4 0 535 564 565 
1035 4 0 535 565 536 
1036 4 0 536 565 566 
1037 4 0 536 566 537 
1038 4 0 537 566 567 
1039 4 0 537 567 538 
1040 4 0 538 567 568 
1041 4 0 538 568 539 
1042 4 0 539 568 569 
1043 4 0 539 569 540 
1044 4 0 540 569 570 
1045 4 0 540 570 541 
1046 4 0 541 570 571 
1047 4 0 541 571 542 
1048 4 0 542 571 572 
1049 4 0 542 572 543 
1050 4 0 543 572 573 
1051 4 0 543 573 544 
1052 4 0 544 573 574 
1053 4 0 544 574 545 
1054 4 0 545 574 575 
1055 4 0 545 575 546 
1056 4 0 546 575 576 
1057 4 0 546 576 547 
1058 4 0 547 576 577 
1059 4 0 547 577 548 
1060 4 0 548 577 578 
1061 4 0 548 578 549 
1062 4 0 549 578 579 
1063 4 0 549 579 550 
1064 4 0 551 580 581 
1065 4 0 551 581 552 
1066 4 0 552 581 582 
1067 4 0 552 582 553 
1068 4 0 553 582 583 
1069 4 0 553 583 554 
1070 4 0 554 583 584 
1071 4 0 554 584 555 
1072 4 0 555 584 585 
1073 4 0 555 585 556 
1074 4 0 556 585 586 
1075 4 0 556 586 557 
1076 4 0 557 586 587 
1077 4 0 557 587 558 
1078 4 0 558 587 588 
1079 4 0 558 588 559 
1080 4 0 559 588 589 
1081 4 0 559 589 560 
1082 4 0 560 589 590 
1083 4 0 560 590 561 
1084 4 0 561 590 591 
1085 4 0 561 591 562 
1086 4 0 562 591 592 
1087 4 0 562 592 563 
1088 4 0 563 592 593 
1089 4 0 563 593 564 
1090 4 0 564 593 594 
1091 4 0 564 594 565 
1092 4 0 565 594 595 
1093 4 0 565 595 566 
1094 4 0 566 595 596 
1095 4 0 566 596 567 
1096 4 0 567 596 597 
1097 4 0 567 597 568 
1098 4 0 568 597 598 
1099 4 0 568 598 569 
1100 4 0 569 598 599 
1101 4 0 569 599 570 
1102 4 0 570 599 600 
1103 4 0 570 600 571 
1104 4 0 571 600 601 
1105 4 0 571 601 572 
1106 4 0 572 601 602 
1107 4 0 572 602 573 
1108 4 0 573 602 603 
1109 4 0 573 603 574 
1110 4 0 574 603 604 
1111 4 0 574 604 575 
1112 4 0 575 604 605 
1113 4 0 575 605 576 
1114 4 0 576 605 606 
1115 4 0 576 606 577 
1116 4 0 577 606 607 
1117 4 0 577 607 578 
1118 4 0 578 607 608 
1119 4 0 578 608 579 
1120 4 0 580 609 610 
1121 4 0 580 610 581 
1122 4 0 581 610 611 
1123 4 0 581 611 582 
1124 4 0 582 611 612 
1125 4 0 582 612 583 
1126 4 0 583 612 613 
1127 4 0 583 613 584 
1128 4 0 584 613 614 
1129 4 0 584 614 585 
1130 4 0 585 614 615 
1131 4 0 585 615 586 
1132 4 0 586 615 616 
1133 4 0 586 616 587 
1134 4 0 587 616 617 
1135 4 0 587 617 588 
1136 4 0 588 617 618 
1137 4 0 588 618 589 
1138 4 0 589 618 619 
1139 4 0 589 619 590 
1140 4 0 590 619 620 
1141 4 0 590 620 591 
1142 4 0 591 620 621 
1143 4 0 591 621 592 
1144 4 0 592 621 622 
1145 4 0 592 622 593 
1146 4 0 593 622 623 
1147 4 0 593 623 594 
1148 4 0 594 623 624 
1149 4 0 594 624 595 
1150 4 0 595 624 625 
1151 4 0 595 625 596 
1152 4 0 596 625 626 
1153 4 0 596 626 597 
1154 4 0 597 626 627 
1155 4 0 597 627 598 
1156 4 0 598 627 628 
1157 4 0 598 628 599 
1158 4 0 599 628 629 
1159 4 0 599 629 600 
1160 4 0 600 629 630 
1161 4 0 600 630 601 
1162 4 0 601 630 631 
1163 4 0 601 631 602 
1164 4 0 602 631 632 
1165 4 0 602 632 603 
1166 4 0 603 632 633 
1167 4 0 603 633 604 
1168 4 0 604 633 634 
1169 4 0 604 634 605 
1170 4 0 605 634 635 
1171 4 0 605 635 606 
1172 4 0 606 635 636 
1173 4 0 606 636 607 
1174 4 0 607 636 637 
1175 4 0 607 637 608 
1176 4 0 609 638 639 
1177 4 0 609 639 610 
1178 4 0 610 639 640 
1179 4 0 610 640 611 
1180 4 0 611 640 641 
1181 4 0 611 641 612 
1182 4 0 612 641 642 
1183 4 0 612 642 613 
1184 4 0 613 642 643 
1185 4 0 613 643 614 
1186 4 0 614 643 644 
1187 4 0 614 644 615 
1188 4 0 615 644 645 
1189 4 0 615 645 616 
1190 4 0 616 645 646 
1191 4 0 616 646 617 
1192 4 0 617 646 647 
1193 4 0 617 647 618 
1194 4 0 618 647 648 
1195 4 0 618 648 619 
1196 4 0 619 648 649 
1197 4 0 619 649 620 
1198 4 0 620 649 650 
1199 4 0 620 650 621 
1200 4 0 621 650 651 
1201 4 0 621 651 622 
1202 4 0 622 651 652 
1203 4 0 622 652 623 
1204 4 0 623 652 653 
1205 4 0 623 653 624 
1206 4 0 624 653 654 
1207 4 0 624 654 625 
1208 4 0 625 654 655 
1209 4 0 625 655 626 
1210 4 0 626 655 656 
1211 4 0 626 656 627 
1212 4 0 627 656 657 
1213 4 0 627 657 628 
1214 4 0 628 657 658 
1215 4 0 628 658 629 
1216 4 0 629 658 659 
1217 4 0 629 659 630 
1218 4 0 630 659 660 
1219 4 0 630 660 631 
1220 4 0 631 660 661 
1221 4 0 631 661 632 
1222 4 0 632 661 662 
1223 4 0 632 662 633 
1224 4 0 633 662 663 
1225 4 0 633 663 634 
1226 4 0 634 663 664 
1227 4 0 634 664 635 
1228 4 0 635 664 665 
1229 4 0 635 665 636 
1230 4 0 636 665 666 
1231 4 0 636 666 637 
1232 4 0 638 667 668 
1233 4 0 638 668 639 
1234 4 0 639 668 669 
1235 4 0 639 669 640 
1236 4 0 640 669 670 
1237 4 0 640 670 641 
1238 4 0 641 670 671 
1239 4 0 641 671 642 
1240 4 0 642 671 672 
1241 4 0 642 672 643 
1242 4 0 643 672 673 
1243 4 0 643 673 644 
1244 4 0 644 673 674 
1245 4 0 644 674 645 
1246 4 0 645 674 675 
1247 4 0 645 675 646 
1248 4 0 646 675 676 
1249 4 0 646 676 647 
1250 4 0 647 676 677 
1251 4 0 647 677 648 
1252 4 0 648 677 678 
1253 4 0 648 678 649 
1254 4 0 649 678 679 
1255 4 0 649 679 650 
1256 4 0 650 679 680 
1257 4 0 650 680 651 
1258 4 0 651 680 681 
1259 4 0 651 681 652 
1260 4 0 652 681 682 
1261 4 0 652 682 653 
1262 4 0 653 682 683 
1263 4 0 653 683 654 
1264 4 0 654 683 684 
1265 4 0 654 684 655 
1266 4 0 655 684 685 
1267 4 0 655 685 656 
1268 4 0 656 685 686 
1269 4 0 656 686 657 
1270 4 0 657 686 687 
1271 4 0 657 687 658 
1272 4 0 658 687 688 
1273 4 0 658 688 659 
1274 4 0 659 688 689 
1275 4 0 659 689 660 
1276 4 0 660 689 690 
1277 4 0 660 690 661 
1278 4 0 661 690 691 
1279 4 0 661 691 662 
1280 4 0 662 691 692 
1281 4 0 662 692 663 
1282 4 0 663 692 693 
1283 4 0 663 693 664 
1284 4 0 664 693 694 
1285 4 0 664 694 665 
1286 4 0 665 694 695 
1287 4 0 665 695 666 
1288 4 0 667 696 697 
1289 4 0 667 697 668 
1290 4 0 668 697 698 
1291 4 0 668 698 669 
1292 4 0 669 698 699 
1293 4 0 669 699 670 
1294 4 0 670 699 700 
1295 4 0 670 700 671 
1296 4 0 671 700 701 
1297 4 0 671 701 672 
1298 4 0 672 701 702 
1299 4 0 672 702 673 
1300 4 0 673 702 703 
1301 4 0 673 703 674 
1302 4 0 674 703 704 
1303 4 0 674 704 675 
1304 4 0 675 704 705 
1305 4 0 675 705 676 
1306 4 0 676 705 706 
1307 4 0 676 706 677 
1308 4 0 677 706 707 
1309 4 0 677 707 678 
1310 4 0 678 707 708 
1311 4 0 678 708 679 
1312 4 0 679 708 709 
1313 4 0 679 709 680 
1314 4 0 680 709 710 
1315 4 0 680 710 681 
1316 4 0 681 710 711 
1317 4 0 681 711 682 
1318 4 0 682 711 712 
1319 4 0 682 712 683 
1320 4 0 683 712 713 
1321 4 0 683 713 684 
1322 4 0 684 713 714 
1323 4 0 684 714 685 
1324 4 0 685 714 715 
1325 4 0 685 715 686 
1326 4 0 686 715 716 
1327 4 0 686 716 687 
1328 4 0 687 716 717 
1329 4 0 687 717 688 
1330 4 0 688 717 718 
1331 4 0 688 718 689 
1332 4 0 689 718 719 
1333 4 0 689 719 690 
1334 4 0 690 719 720 
1335 4 0 690 720 691 
1336 4 0 691 720 721 
1337 4 0 691 721 692 
1338 4 0 692 721 722 
1339 4 0 692 722 693 
1340 4 0 693 722 723 
1341 4 0 693 723 694 
1342 4 0 694 723 724 
1343 4 0 694 724 695 
1344 4 0 696 725 726 
1345 4 0 696 726 697 
1346 4 0 697 726 727 
1347 4 0 697 727 698 
1348 4 0 698 727 728 
1349 4 0 698 728 699 
1350 4 0 699 728 729 
1351 4 0 699 729 700 
1352 4 0 700 729 730 
1353 4 0 700 730 701 
1354 4 0 701 730 731 
1355 4 0 701 731 702 
1356 4 0 702 731 732 
1357 4 0 702 732 703 
1358 4 0 703 732 733 
1359 4 0 703 733 704 
1360 4 0 704 733 734 
1361 4 0 704 734 705 
1362 4 0 705 734 735 
1363 4 0 705 735 706 
1364 4 0 706 735 736 
1365 4 0 706 736 707 
1366 4 0 707 736 737 
1367 4 0 707 737 708 
1368 4 0 708 737 738 
1369 4 0 708 738 709 
1370 4 0 709 738 739 
1371 4 0 709 739 710 
1372 4 0 710 739 740 
1373 4 0 710 740 711 
1374 4 0 711 740 741 
1375 4 0 711 741 712 
1376 4 0 712 741 742 
1377 4 0 712 742 713 
1378 4 0 713 742 743 
1379 4 0 713 743 714 
1380 4 0 714 743 744 
1381 4 0 714 744 715 
1382 4 0 715 744 745 
1383 4 0 715 745 716 
1384 4 0 716 745 746 
1385 4 0 716 746 717 
1386 4 0 717 746 747 
1387 4 0 717 747 718 
1388 4 0 718 747 748 
1389 4 0 718 748 719 
1390 4 0 719 748 749 
1391 4 0 719 749 720 
1392 4 0 720 749 750 
1393 4 0 720 750 721 
1394 4 0 721 750 751 
1395 4 0 721 751 722 
1396 4 0 722 751 752 
1397 4 0 722 752 723 
1398 4 0 723 752 753 
1399 4 0 723 753 724 
1400 4 0 725 754 755 
1401 4 0 725 755 726 
1402 4 0 726 755 756 
1403 4 0 726 756 727 
1404 4 0 727 756 757 
1405 4 0 727 757 728 
1406 4 0 728 757 758 
1407 4 0 728 758 729 
1408 4 0 729 758 759 
1409 4 0 729 759 730 
1410 4 0 730 759 760 
1411 4 0 730 760 731 
1412 4 0 731 760 761 
1413 4 0 731 761 732 
1414 4 0 732 761 762 
1415 4 0 732 762 733 
1416 4 0 733 762 763 
1417 4 0 733 763 734 
1418 4 0 734 763 764 
1419 4 0 734 764 735 
1420 4 0 735 764 765 
1421 4 0 735 765 736 
1422 4 0 736 765 766 
1423 4 0 736 766 737 
1424 4 0 737 766 767 
1425 4 0 737 767 738 
1426 4 0 738 767 768 
1427 4 0 738 768 739 
1428 4 0 739 768 769 
1429 4 0 739 769 740 
1430 4 0 740 769 770 
1431 4 0 740 770 741 
1432 4 0 741 770 771 
1433 4 0 741 771 742 
1434 4 0 742 771 772 
1435 4 0 742 772 743 
1436 4 0 743 772 773 
1437 4 0 743 773 744 
1438 4 0 744 773 774 
1439 4 0 744 774 745 
1440 4 0 745 774 775 
1441 4 0 745 775 746 
1442 4 0 746 775 776 
1443 4 0 746 776 747 
1444 4 0 747 776 777 
1445 4 0 747 777 748 
1446 4 0 748 777 778 
1447 4 0 748 778 749 
1448 4 0 749 778 779 
1449 4 0 749 779 750 
1450 4 0 750 779 780 
1451 4 0 750 780 751 
1452 4 0 751 780 781 
1453 4 0 751 781 752 
1454 4 0 752 781 782 
1455 4 0 752 782 753 
1456 4 0 754 783 784 
1457 4 0 754 784 755 
1458 4 0 755 784 785 
1459 4 0 755 785 756 
1460 4 0 756 785 786 
1461 4 0 756 786 757 
1462 4 0 757 786 787 
1463 4 0 757 787 758 
1464 4 0 758 787 788 
1465 4 0 758 788 759 
1466 4 0 759 788 789 
1467 4 0 759 789 760 
1468 4 0 760 789 790 
1469 4 0 760 790 761 
1470 4 0 761 790 791 
1471 4 0 761 791 762 
1472 4 0 762 791 792 
1473 4 0 762 792 763 
1474 4 0 763 792 793 
1475 4 0 763 793 764 
1476 4 0 764 793 794 
1477 4 0 764 794 765 
1478 4 0 765 794 795 
1479 4 0 765 795 766 
1480 4 0 766 795 796 
1481 4 0 766 796 767 
1482 4 0 767 796 797 
1483 4 0 767 797 768 
1484 4 0 768 797 798 
1485 4 0 768 798 769 
1486 4 0 769 798 799 
1487 4 0 769 799 770 
1488 4 0 770 799 800 
1489 4 0 770 800 771 
1490 4 0 771 800 801 
1491 4 0 771 801 772 
1492 4 0 772 801 802 
1493 4 0 772 802 773 
1494 4 0 773 802 803 
1495 4 0 773 803 774 
1496 4 0 774 803 804 
1497 4 0 774 804 775 
1498 4 0 775 804 805 
1499 4 0 775 805 776 
1500 4 0 776 805 806 
1501 4 0 776 806 777 
1502 4 0 777 806 807 
1503 4 0 777 807 778 
1504 4 0 778 807 808 
1505 4 0 778 808 779 
1506 4 0 779 808 809 
1507 4 0 779 809 780 
1508 4 0 780 809 810 
1509 4 0 780 810 781 
1510 4 0 781 810 811 
1511 4 0 781 811 782 
1512 4 0 783 812 813 
1513 4 0 783 813 784 
1514 4 0 784 813 814 
1515 4 0 784 814 785 
1516 4 0 785 814 815 
1517 4 0 785 815 786 
1518 4 0 786 815 816 
1519 4 0 786 816 787 
1520 4 0 787 816 817 
1521 4 0 787 817 788 
1522 4 0 788 817 818 
1523 4 0 788 818 789 
1524 4 0 789 818 819 
1525 4 0 789 819 790 
1526 4 0 790 819 820 
1527 4 0 790 820 791 
1528 4 0 791 820 821 
1529 4 0 791 821 792 
1530 4 0 792 821 822 
1531 4 0 792 822 793 
1532 4 0 793 822 823 
1533 4 0 793 823 794 
1534 4 0 794 823 824 
1535 4 0 794 824 795 
1536 4 0 795 824 825 
1537 4 0 795 825 796 
1538 4 0 796 825 826 
1539 4 0 796 826 797 
1540 4 0 797 826 827 
1541 4 0 797 827 798 
1542 4 0 798 827 828 
1543 4 0 798 828 799 
1544 4 0 799 828 829 
1545 4 0 799 829 800 
1546 4 0 800 829 830 
1547 4 0 800 830 801 
1548 4 0 801 830 831 
1549 4 0 801 831 802 
1550 4 0 802 831 832 
1551 4 0 802 832 803 
1552 4 0 803 832 833 
1553 4 0 803 833 804 
1554 4 0 804 833 834 
1555 4 0 804 834 805 
1556 4 0 805 834 835 
1557 4 0 805 835 806 
1558 4 0 806 835 836 
1559 4 0 806 836 807 
1560 4 0 807 836 837 
1561 4 0 807 837 808 
1562 4 0 808 837 838 
1563 4 0 808 838 809 
1564 4 0 809 838 839 
1565 4 0 809 839 810 
1566 4 0 810 839 840 
1567 4 0 810 840 811 
1568 6 0 
57 1 1568 
2 1568 0 
59 3 1 
4 1568 2 
61 5 3 
6 1568 4 
63 7 5 
8 1568 6 
65 9 7 
10 1568 8 
67 11 9 
12 1568 10 
69 13 11 
14 1568 12 
71 15 13 
16 1568 14 
73 17 15 
18 1568 16 
75 19 17 
20 1568 18 
77 21 19 
22 1568 20 
79 23 21 
24 1568 22 
81 25 23 
26 1568 24 
83 27 25 
28 1568 26 
85 29 27 
30 1568 28 
87 31 29 
32 1568 30 
89 33 31 
34 1568 32 
91 35 33 
36 1568 34 
93 37 35 
38 1568 36 
95 39 37 
40 1568 38 
97 41 39 
42 1568 40 
99 43 41 
44 1568 42 
101 45 43 
46 1568 44 
103 47 45 
48 1568 46 
105 49 47 
50 1568 48 
107 51 49 
52 1568 50 
109 53 51 
54 1568 52 
111 55 53 
1568 1568 54 
113 57 1568 
58 0 56 
115 59 57 
60 2 58 
117 61 59 
62 4 60 
119 63 61 
64 6 62 
121 65 63 
66 8 64 
123 67 65 
68 10 66 
125 69 67 
70 12 68 
127 71 69 
72 14 70 
129 73 71 
74 16 72 
131 75 73 
76 18 74 
133 77 75 
78 20 76 
135 79 77 
80 22 78 
137 81 79 
82 24 80 
139 83 81 
84 26 82 
141 85 83 
86 28 84 
143 87 85 
88 30 86 
145 89 87 
90 32 88 
147 91 89 
92 34 90 
149 93 91 
94 36 92 
151 95 93 
96 38 94 
153 97 95 
98 40 96 
155 99 97 
100 42 98 
157 101 99 
102 44 100 
159 103 101 
104 46 102 
161 105 103 
106 48 104 
163 107 105 
108 50 106 
165 109 107 
110 52 108 
167 111 109 
1568 54 110 
169 113 1568 
114 56 112 
171 115 113 
116 58 114 
173 117 115 
118 60 116 
175 119 117 
120 62 118 
177 121 119 
122 64 120 
179 123 121 
124 66 122 
181 125 123 
126 68 124 
183 127 125 
128 70 126 
185 129 127 
130 72 128 
187 131 129 
132 74 130 
189 133 131 
134 76 132 
191 135 133 
136 78 134 
193 137 135 
138 80 136 
195 139 137 
140 82 138 
197 141 139 
142 84 140 
199 143 141 
144 86 142 
201 145 143 
146 88 144 
203 147 145 
148 90 146 
205 149 147 
150 92 148 
207 151 149 
152 94 150 
209 153 151 
154 96 152 
211 155 153 
156 98 154 
213 157 155 
158 100 156 
215 159 157 
160 102 158 
217 161 159 
162 104 160 
219 163 161 
164 106 162 
221 165 163 
166 108 164 
223 167 165 
1568 110 166 
225 169 1568 
170 112 168 
227 171 169 
172 114 170 
229 173 171 
174 116 172 
231 175 173 
176 118 174 
233 177 175 
178 120 176 
235 179 177 
180 122 178 
237 181 179 
182 124 180 
239 183 181 
184 126 182 
241 185 183 
186 128 184 
243 187 185 
188 130 186 
245 189 187 
190 132 188 
247 191 189 
192 134 190 
249 193 191 
194 136 192 
251 195 193 
196 138 194 
253 197 195 
198 140 196 
255 199 197 
200 142 198 
257 201 199 
202 144 200 
259 203 201 
204 146 202 
261 205 203 
206 148 204 
263 207 205 
208 150 206 
265 209 207 
210 152 208 
267 211 209 
212 154 210 
269 213 211 
214 156 212 
271 215 213 
216 158 214 
273 217 215 
218 160 216 
275 219 217 
220 162 218 
277 221 219 
222 164 220 
279 223 221 
1568 166 222 
281 225 1568 
226 168 224 
283 227 225 
228 170 226 
285 229 227 
230 172 228 
287 231 229 
232 174 230 
289 233 231 
234 176 232 
291 235 233 
236 178 234 
293 237 235 
238 180 236 
295 239 237 
240 182 238 
297 241 239 
242 184 240 
299 243 241 
244 186 242 
301 245 243 
246 188 244 
303 247 245 
248 190 246 
305 249 247 
250 192 248 
307 251 249 
252 194 250 
309 253 251 
254 196 252 
311 255 253 
256 198 254 
313 257 255 
258 200 256 
315 259 257 
260 202 258 
317 261 259 
262 204 260 
319 263 261 
264 206 262 
321 265 263 
266 208 264 
323 267 265 
268 210 266 
325 269 267 
270 212 268 
327 271 269 
272 214 270 
329 273 271 
274 216 272 
331 275 273 
276 218 274 
333 277 275 
278 220 276 
335 279 277 
1568 222 278 
337 281 1568 
282 224 280 
339 283 281 
284 226 282 
341 285 283 
286 228 284 
343 287 285 
288 230 286 
345 289 287 
290 232 288 
347 291 289 
292 234 290 
349 293 291 
294 236 292 
351 295 293 
296 238 294 
353 297 295 
298 240 296 
355 299 297 
300 242 298 
357 301 299 
302 244 300 
359 303 301 
304 246 302 
361 305 303 
306 248 304 
363 307 305 
308 250 306 
365 309 307 
310 252 308 
367 311 309 
312 254 310 
369 313 311 
314 256 312 
371 315 313 
316 258 314 
373 317 315 
318 260 316 
375 319 317 
320 262 318 
377 321 319 
322 264 320 
379 323 321 
324 266 322 
381 325 323 
326 268 324 
383 327 325 
328 270 326 
385 329 327 
330 272 328 
387 331 329 
332 274 330 
389 333 331 
334 276 332 
391 335 333 
1568 278 334 
393 337 1568 
338 280 336 
395 339 337 
340 282 338 
397 341 339 
342 284 340 
399 343 341 
344 286 342 
401 345 343 
346 288 344 
403 347 345 
348 290 346 
405 349 347 
350 292 348 
407 351 349 
352 294 350 
409 353 351 
354 296 352 
411 355 353 
356 298 354 
413 357 355 
358 300 356 
415 359 357 
360 302 358 
417 361 359 
362 304 360 
419 363 361 
364 306 362 
421 365 363 
366 308 364 
423 367 365 
368 310 366 
425 369 367 
370 312 368 
427 371 369 
372 314 370 
429 373 371 
374 316 372 
431 375 373 
376 318 374 
433 377 375 
378 320 376 
435 379 377 
380 322 378 
437 381 379 
382 324 380 
439 383 381 
384 326 382 
441 385 383 
386 328 384 
443 387 385 
388 330 386 
445 389 387 
390 332 388 
447 391 389 
1568 334 390 
449 393 1568 
394 336 392 
451 395 393 
396 338 394 
453 397 395 
398 340 396 
455 399 397 
400 342 398 
457 401 399 
402 344 400 
459 403 401 
404 346 402 
461 405 403 
406 348 404 
463 407 405 
408 350 406 
465 409 407 
410 352 408 
467 411 409 
412 354 410 
469 413 411 
414 356 412 
471 415 413 
416 358 414 
473 417 415 
418 360 416 
475 419 417 
420 362 418 
477 421 419 
422 364 420 
479 423 421 
424 366 422 
481 425 423 
426 368 424 
483 427 425 
428 370 426 
485 429 427 
430 372 428 
487 431 429 
432 374 430 
489 433 431 
434 376 432 
491 435 433 
436 378 434 
493 437 435 
438 380 436 
495 439 437 
440 382 438 
497 441 439 
442 384 440 
499 443 441 
444 386 442 
501 445 443 
446 388 444 
503 447 445 
1568 390 446 
505 449 1568 
450 392 448 
507 451 449 
452 394 450 
509 453 451 
454 396 452 
511 455 453 
456 398 454 
513 457 455 
458 400 456 
515 459 457 
460 402 458 
517 461 459 
462 404 460 
519 463 461 
464 406 462 
521 465 463 
466 408 464 
523 467 465 
468 410 466 
525 469 467 
470 412 468 
527 471 469 
472 414 470 
529 473 471 
474 416 472 
531 475 473 
476 418 474 
533 477 475 
478 420 476 
535 479 477 
480 422 478 
537 481 479 
482 424 480 
539 483 481 
484 426 482 
541 485 483 
486 428 484 
543 487 485 
488 430 486 
545 489 487 
490 432 488 
547 491 489 
492 434 490 
549 493 491 
494 436 492 
551 495 493 
496 438 494 
553 497 495 
498 440 496 
555 499 497 
500 442 498 
557 501 499 
502 444 500 
559 503 501 
1568 446 502 
561 505 1568 
506 448 504 
563 507 505 
508 450 506 
565 509 507 
510 452 508 
567 511 509 
512 454 510 
569 513 511 
514 456 512 
571 515 513 
516 458 514 
573 517 515 
518 460 516 
575 519 517 
520 462 518 
577 521 519 
522 464 520 
579 523 521 
524 466 522 
581 525 523 
526 468 524 
583 527 525 
528 470 526 
585 529 527 
530 472 528 
587 531 529 
532 474 530 
589 533 531 
534 476 532 
591 535 533 
536 478 534 
593 537 535 
538 480 536 
595 539 537 
540 482 538 
597 541 539 
542 484 540 
599 543 541 
544 486 542 
601 545 543 
546 488 544 
603 547 545 
548 490 546 
605 549 547 
550 492 548 
607 551 549 
552 494 550 
609 553 551 
554 496 552 
611 555 553 
556 498 554 
613 557 555 
558 500 556 
615 559 557 
1568 502 558 
617 561 1568 
562 504 560 
619 563 561 
564 506 562 
621 565 563 
566 508 564 
623 567 565 
568 510 566 
625 569 567 
570 512 568 
627 571 569 
572 514 570 
629 573 571 
574 516 572 
631 575 573 
576 518 574 
633 577 575 
578 520 576 
635 579 577 
580 522 578 
637 581 579 
582 524 580 
639 583 581 
584 526 582 
641 585 583 
586 528 584 
643 587 585 
588 530 586 
645 589 587 
590 532 588 
647 591 589 
592 534 590 
649 593 591 
594 536 592 
651 595 593 
596 538 594 
653 597 595 
598 540 596 
655 599 597 
600 542 598 
657 601 599 
602 544 600 
659 603 601 
604 546 602 
661 605 603 
606 548 604 
663 607 605 
608 550 606 
665 609 607 
610 552 608 
667 611 609 
612 554 610 
669 613 611 
614 556 612 
671 615 613 
1568 558 614 
673 617 1568 
618 560 616 
675 619 617 
620 562 618 
677 621 619 
622 564 620 
679 623 621 
624 566 622 
681 625 623 
626 568 624 
683 627 625 
628 570 626 
685 629 627 
630 572 628 
687 631 629 
632 574 630 
689 633 631 
634 576 632 
691 635 633 
636 578 634 
693 637 635 
638 580 636 
695 639 637 
640 582 638 
697 641 639 
642 584 640 
699 643 641 
644 586 642 
701 645 643 
646 588 644 
703 647 645 
648 590 646 
705 649 647 
650 592 648 
707 651 649 
652 594 650 
709 653 651 
654 596 652 
711 655 653 
656 598 654 
713 657 655 
658 600 656 
715 659 657 
660 602 658 
717 661 659 
662 604 660 
719 663 661 
664 606 662 
721 665 663 
666 608 664 
723 667 665 
668 610 666 
725 669 667 
670 612 668 
727 671 669 
1568 614 670 
729 673 1568 
674 616 672 
731 675 673 
676 618 674 
733 677 675 
678 620 676 
735 679 677 
680 622 678 
737 681 679 
682 624 680 
739 683 681 
684 626 682 
741 685 683 
686 628 684 
743 687 685 
688 630 686 
745 689 687 
690 632 688 
747 691 689 
692 634 690 
749 693 691 
694 636 692 
751 695 693 
696 638 694 
753 697 695 
698 640 696 
755 699 697 
700 642 698 
757 701 699 
702 644 700 
759 703 701 
704 646 702 
761 705 703 
706 648 704 
763 707 705 
708 650 706 
765 709 707 
710 652 708 
767 711 709 
712 654 710 
769 713 711 
714 656 712 
771 715 713 
716 658 714 
773 717 715 
718 660 716 
775 719 717 
720 662 718 
777 721 719 
722 664 720 
779 723 721 
724 666 722 
781 725 723 
726 668 724 
783 727 725 
1568 670 726 
785 729 1568 
730 672 728 
787 731 729 
732 674 730 
789 733 731 
734 676 732 
791 735 733 
736 678 734 
793 737 735 
738 680 736 
795 739 737 
740 682 738 
797 741 739 
742 684 740 
799 743 741 
744 686 742 
801 745 743 
746 688 744 
803 747 745 
748 690 746 
805 749 747 
750 692 748 
807 751 749 
752 694 750 
809 753 751 
754 696 752 
811 755 753 
756 698 754 
813 757 755 
758 700 756 
815 759 757 
760 702 758 
817 761 759 
762 704 760 
819 763 761 
764 706 762 
821 765 763 
766 708 764 
823 767 765 
768 710 766 
825 769 767 
770 712 768 
827 771 769 
772 714 770 
829 773 771 
774 716 772 
831 775 773 
776 718 774 
833 777 775 
778 720 776 
835 779 777 
780 722 778 
837 781 779 
782 724 780 
839 783 781 
1568 726 782 
841 785 1568 
786 728 784 
843 787 785 
788 730 786 
845 789 787 
790 732 788 
847 791 789 
792 734 790 
849 793 791 
794 736 792 
851 795 793 
796 738 794 
853 797 795 
798 740 796 
855 799 797 
800 742 798 
857 801 799 
802 744 800 
859 803 801 
804 746 802 
861 805 803 
806 748 804 
863 807 805 
808 750 806 
865 809 807 
810 752 808 
867 811 809 
812 754 810 
869 813 811 
814 756 812 
871 815 813 
816 758 814 
873 817 815 
818 760 816 
875 819 817 
820 762 818 
877 821 819 
822 764 820 
879 823 821 
824 766 822 
881 825 823 
826 768 824 
883 827 825 
828 770 826 
885 829 827 
830 772 828 
887 831 829 
832 774 830 
889 833 831 
834 776 832 
891 835 833 
836 778 834 
893 837 835 
838 780 836 
895 839 837 
1568 782 838 
897 841 1568 
842 784 840 
899 843 841 
844 786 842 
901 845 843 
846 788 844 
903 847 845 
848 790 846 
905 849 847 
850 792 848 
907 851 849 
852 794 850 
909 853 851 
854 796 852 
911 855 853 
856 798 854 
913 857 855 
858 800 856 
915 859 857 
860 802 858 
917 861 859 
862 804 860 
919 863 861 
864 806 862 
921 865 863 
866 808 864 
923 867 865 
868 810 866 
925 869 867 
870 812 868 
927 871 869 
872 814 870 
929 873 871 
874 816 872 
931 875 873 
876 818 874 
933 877 875 
878 820 876 
935 879 877 
880 822 878 
937 881 879 
882 824 880 
939 883 881 
884 826 882 
941 885 883 
886 828 884 
943 887 885 
888 830 886 
945 889 887 
890 832 888 
947 891 889 
892 834 890 
949 893 891 
894 836 892 
951 895 893 
1568 838 894 
953 897 1568 
898 840 896 
955 899 897 
900 842 898 
957 901 899 
902 844 900 
959 903 901 
904 846 902 
961 905 903 
906 848 904 
963 907 905 
908 850 906 
965 909 907 
910 852 908 
967 911 909 
912 854 910 
969 913 911 
914 856 912 
971 915 913 
916 858 914 
973 917 915 
918 860 916 
975 919 917 
920 862 918 
977 921 919 
922 864 920 
979 923 921 
924 866 922 
981 925 923 
926 868 924 
983 927 925 
928 870 926 
985 929 927 
930 872 928 
987 931 929 
932 874 930 
989 933 931 
934 876 932 
991 935 933 
936 878 934 
993 937 935 
938 880 936 
995 939 937 
940 882 938 
997 941 939 
942 884 940 
999 943 941 
944 886 942 
1001 945 943 
946 888 944 
1003 947 945 
948 890 946 
1005 949 947 
950 892 948 
1007 951 949 
1568 894 950 
1009 953 1568 
954 896 952 
1011 955 953 
956 898 954 
1013 957 955 
958 900 956 
1015 959 957 
960 902 958 
1017 961 959 
962 904 960 
1019 963 961 
964 906 962 
1021 965 963 
966 908 964 
1023 967 965 
968 910 966 
1025 969 967 
970 912 968 
1027 971 969 
972 914 970 
1029 973 971 
974 916 972 
1031 975 973 
976 918 974 
1033 977 975 
978 920 976 
1035 979 977 
980 922 978 
1037 981 979 
982 924 980 
1039 983 981 
984 926 982 
1041 985 983 
986 928 984 
1043 987 985 
988 930 986 
1045 989 987 
990 932 988 
1047 991 989 
992 934 990 
1049 993 991 
994 936 992 
1051 995 993 
996 938 994 
1053 997 995 
998 940 996 
1055 999 997 
1000 942 998 
1057 1001 999 
1002 944 1000 
1059 1003 1001 
1004 946 1002 
1061 1005 1003 
1006 948 1004 
1063 1007 1005 
1568 950 1006 
1065 1009 1568 
1010 952 1008 
1067 1011 1009 
1012 954 1010 
1069 1013 1011 
1014 956 1012 
1071 1015 1013 
1016 958 1014 
1073 1017 1015 
1018 960 1016 
1075 1019 1017 
1020 962 1018 
1077 1021 1019 
1022 964 1020 
1079 1023 1021 
1024 966 1022 
1081 1025 1023 
1026 968 1024 
1083 1027 1025 
1028 970 1026 
1085 1029 1027 
1030 972 1028 
1087 1031 1029 
1032 974 1030 
1089 1033 1031 
1034 976 1032 
1091 1035 1033 
1036 978 1034 
1093 1037 1035 
1038 980 1036 
1095 1039 1037 
1040 982 1038 
1097 1041 1039 
1042 984 1040 
1099 1043 1041 
1044 986 1042 
1101 1045 1043 
1046 988 1044 
1103 1047 1045 
1048 990 1046 
1105 1049 1047 
1050 992 1048 
1107 1051 1049 
1052 994 1050 
1109 1053 1051 
1054 996 1052 
1111 1055 1053 
1056 998 1054 
1113 1057 1055 
1058 1000 1056 
1115 1059 1057 
1060 1002 1058 
1117 1061 1059 
1062 1004 1060 
1119 1063 1061 
1568 1006 1062 
1121 1065 1568 
1066 1008 1064 
1123 1067 1065 
1068 1010 1066 
1125 1069 1067 
1070 1012 1068 
1127 1071 1069 
1072 1014 1070 
1129 1073 1071 
1074 1016 1072 
1131 1075 1073 
1076 1018 1074 
1133 1077 1075 
1078 1020 1076 
1135 1079 1077 
1080 1022 1078 
1137 1081 1079 
1082 1024 1080 
1139 1083 1081 
1084 1026 1082 
1141 1085 1083 
1086 1028 1084 
1143 1087 1085 
1088 1030 1086 
1145 1089 1087 
1090 1032 1088 
1147 1091 1089 
1092 1034 1090 
1149 1093 1091 
1094 1036 1092 
1151 1095 1093 
1096 1038 1094 
1153 1097 1095 
1098 1040 1096 
1155 1099 1097 
1100 1042 1098 
1157 1101 1099 
1102 1044 1100 
1159 1103 1101 
1104 1046 1102 
1161 1105 1103 
1106 1048 1104 
1163 1107 1105 
1108 1050 1106 
1165 1109 1107 
1110 1052 1108 
1167 1111 1109 
1112 1054 1110 
1169 1113 1111 
1114 1056 1112 
1171 1115 1113 
1116 1058 1114 
1173 1117 1115 
1118 1060 1116 
1175 1119 1117 
1568 1062 1118 
1177 1121 1568 
1122 1064 1120 
1179 1123 1121 
1124 1066 1122 
1181 1125 1123 
1126 1068 1124 
1183 1127 1125 
1128 1070 1126 
1185 1129 1127 
1130 1072 1128 
1187 1131 1129 
1132 1074 1130 
1189 1133 1131 
1134 1076 1132 
1191 1135 1133 
1136 1078 1134 
1193 1137 1135 
1138 1080 1136 
1195 1139 1137 
1140 1082 1138 
1197 1141 1139 
1142 1084 1140 
1199 1143 1141 
1144 1086 1142 
1201 1145 1143 
1146 1088 1144 
1203 1147 1145 
1148 1090 1146 
1205 1149 1147 
1150 1092 1148 
1207 1151 1149 
1152 1094 1150 
1209 1153 1151 
1154 1096 1152 
1211 1155 1153 
1156 1098 1154 
1213 1157 1155 
1158 1100 1156 
1215 1159 1157 
1160 1102 1158 
1217 1161 1159 
1162 1104 1160 
1219 1163 1161 
1164 1106 1162 
1221 1165 1163 
1166 1108 1164 
1223 1167 1165 
1168 1110 1166 
1225 1169 1167 
1170 1112 1168 
1227 1171 1169 
1172 1114 1170 
1229 1173 1171 
1174 1116 1172 
1231 1175 1173 
1568 1118 1174 
1233 1177 1568 
1178 1120 1176 
1235 1179 1177 
1180 1122 1178 
1237 1181 1179 
1182 1124 1180 
1239 1183 1181 
1184 1126 1182 
1241 1185 1183 
1186 1128 1184 
1243 1187 1185 
1188 1130 1186 
1245 1189 1187 
1190 1132 1188 
1247 1191 1189 
1192 1134 1190 
1249 1193 1191 
1194 1136 1192 
1251 1195 1193 
1196 1138 1194 
1253 1197 1195 
1198 1140 1196 
1255 1199 1197 
1200 1142 1198 
1257 1201 1199 
1202 1144 1200 
1259 1203 1201 
1204 1146 1202 
1261 1205 1203 
1206 1148 1204 
1263 1207 1205 
1208 1150 1206 
1265 1209 1207 
1210 1152 1208 
1267 1211 1209 
1212 1154 1210 
1269 1213 1211 
1214 1156 1212 
1271 1215 1213 
1216 1158 1214 
1273 1217 1215 
1218 1160 1216 
1275 1219 1217 
1220 1162 1218 
1277 1221 1219 
1222 1164 1220 
1279 1223 1221 
1224 1166 1222 
1281 1225 1223 
1226 1168 1224 
1283 1227 1225 
1228 1170 1226 
1285 1229 1227 
1230 1172 1228 
1287 1231 1229 
1568 1174 1230 
1289 1233 1568 
1234 1176 1232 
1291 1235 1233 
1236 1178 1234 
1293 1237 1235 
1238 1180 1236 
1295 1239 1237 
1240 1182 1238 
1297 1241 1239 
1242 1184 1240 
1299 1243 1241 
1244 1186 1242 
1301 1245 1243 
1246 1188 1244 
1303 1247 1245 
1248 1190 1246 
1305 1249 1247 
1250 1192 1248 
1307 1251 1249 
1252 1194 1250 
1309 1253 1251 
1254 1196 1252 
1311 1255 1253 
1256 1198 1254 
1313 1257 1255 
1258 1200 1256 
1315 1259 1257 
1260 1202 1258 
1317 1261 1259 
1262 1204 1260 
1319 1263 1261 
1264 1206 1262 
1321 1265 1263 
1266 1208 1264 
1323 1267 1265 
1268 1210 1266 
1325 1269 1267 
1270 1212 1268 
1327 1271 1269 
1272 1214 1270 
1329 1273 1271 
1274 1216 1272 
1331 1275 1273 
1276 1218 1274 
1333 1277 1275 
1278 1220 1276 
1335 1279 1277 
1280 1222 1278 
1337 1281 1279 
1282 1224 1280 
1339 1283 1281 
1284 1226 1282 
1341 1285 1283 
1286 1228 1284 
1343 1287 1285 
1568 1230 1286 
1345 1289 1568 
1290 1232 1288 
1347 1291 1289 
1292 1234 1290 
1349 1293 1291 
1294 1236 1292 
1351 1295 1293 
1296 1238 1294 
1353 1297 1295 
1298 1240 1296 
1355 1299 1297 
1300 1242 1298 
1357 1301 1299 
1302 1244 1300 
1359 1303 1301 
1304 1246 1302 
1361 1305 1303 
1306 1248 1304 
1363 1307 1305 
1308 1250 1306 
1365 1309 1307 
1310 1252 1308 
1367 1311 1309 
1312 1254 1310 
1369 1313 1311 
1314 1256 1312 
1371 1315 1313 
1316 1258 1314 
1373 1317 1315 
1318 1260 1316 
1375 1319 1317 
1320 1262 1318 
1377 1321 1319 
1322 1264 1320 
1379 1323 1321 
1324 1266 1322 
1381 1325 1323 
1326 1268 1324 
1383 1327 1325 
1328 1270 1326 
1385 1329 1327 
1330 1272 1328 
1387 1331 1329 
1332 1274 1330 
1389 1333 1331 
1334 1276 1332 
1391 1335 1333 
1336 1278 1334 
1393 1337 1335 
1338 1280 1336 
1395 1339 1337 
1340 1282 1338 
1397 1341 1339 
1342 1284 1340 
1399 1343 1341 
1568 1286 1342 
1401 1345 1568 
1346 1288 1344 
1403 1347 1345 
1348 1290 1346 
1405 1349 1347 
1350 1292 1348 
1407 1351 1349 
1352 1294 1350 
1409 1353 1351 
1354 1296 1352 
1411 1355 1353 
1356 1298 1354 
1413 1357 1355 
1358 1300 1356 
1415 1359 1357 
1360 1302 1358 
1417 1361 1359 
1362 1304 1360 
1419 1363 1361 
1364 1306 1362 
1421 1365 1363 
1366 1308 1364 
1423 1367 1365 
1368 1310 1366 
1425 1369 1367 
1370 1312 1368 
1427 1371 1369 
1372 1314 1370 
1429 1373 1371 
1374 1316 1372 
1431 1375 1373 
1376 1318 1374 
1433 1377 1375 
1378 1320 1376 
1435 1379 1377 
1380 1322 1378 
1437 1381 1379 
1382 1324 1380 
1439 1383 1381 
1384 1326 1382 
1441 1385 1383 
1386 1328 1384 
1443 1387 1385 
1388 1330 1386 
1445 1389 1387 
1390 1332 1388 
1447 1391 1389 
1392 1334 1390 
1449 1393 1391 
1394 1336 1392 
1451 1395 1393 
1396 1338 1394 
1453 1397 1395 
1398 1340 1396 
1455 1399 1397 
1568 1342 1398 
1457 1401 1568 
1402 1344 1400 
1459 1403 1401 
1404 1346 1402 
1461 1405 1403 
1406 1348 1404 
1463 1407 1405 
1408 1350 1406 
1465 1409 1407 
1410 1352 1408 
1467 1411 1409 
1412 1354 1410 
1469 1413 1411 
1414 1356 1412 
1471 1415 1413 
1416 1358 1414 
1473 1417 1415 
1418 1360 1416 
1475 1419 1417 
1420 1362 1418 
1477 1421 1419 
1422 1364 1420 
1479 1423 1421 
1424 1366 1422 
1481 1425 1423 
1426 1368 1424 
1483 1427 1425 
1428 1370 1426 
1485 1429 1427 
1430 1372 1428 
1487 1431 1429 
1432 1374 1430 
1489 1433 1431 
1434 1376 1432 
1491 1435 1433 
1436 1378 1434 
1493 1437 1435 
1438 1380 1436 
1495 1439 1437 
1440 1382 1438 
1497 1441 1439 
1442 1384 1440 
1499 1443 1441 
1444 1386 1442 
1501 1445 1443 
1446 1388 1444 
1503 1447 1445 
1448 1390 1446 
1505 1449 1447 
1450 1392 1448 
1507 1451 1449 
1452 1394 1450 
1509 1453 1451 
1454 1396 1452 
1511 1455 1453 
1568 1398 1454 
1513 1457 1568 
1458 1400 1456 
1515 1459 1457 
1460 1402 1458 
1517 1461 1459 
1462 1404 1460 
1519 1463 1461 
1464 1406 1462 
1521 1465 1463 
1466 1408 1464 
1523 1467 1465 
1468 1410 1466 
1525 1469 1467 
1470 1412 1468 
1527 1471 1469 
1472 1414 1470 
1529 1473 1471 
1474 1416 1472 
1531 1475 1473 
1476 1418 1474 
1533 1477 1475 
1478 1420 1476 
1535 1479 1477 
1480 1422 1478 
1537 1481 1479 
1482 1424 1480 
1539 1483 1481 
1484 1426 1482 
1541 1485 1483 
1486 1428 1484 
1543 1487 1485 
1488 1430 1486 
1545 1489 1487 
1490 1432 1488 
1547 1491 1489 
1492 1434 1490 
1549 1493 1491 
1494 1436 1492 
1551 1495 1493 
1496 1438 1494 
1553 1497 1495 
1498 1440 1496 
1555 1499 1497 
1500 1442 1498 
1557 1501 1499 
1502 1444 1500 
1559 1503 1501 
1504 1446 1502 
1561 1505 1503 
1506 1448 1504 
1563 1507 1505 
1508 1450 1506 
1565 1509 1507 
1510 1452 1508 
1567 1511 1509 
1568 1454 1510 
1568 1513 1568 
1514 1456 1512 
1568 1515 1513 
1516 1458 1514 
1568 1517 1515 
1518 1460 1516 
1568 1519 1517 
1520 1462 1518 
1568 1521 1519 
1522 1464 1520 
1568 1523 1521 
1524 1466 1522 
1568 1525 1523 
1526 1468 1524 
1568 1527 1525 
1528 1470 1526 
1568 1529 1527 
1530 1472 1528 
1568 1531 1529 
1532 1474 1530 
1568 1533 1531 
1534 1476 1532 
1568 1535 1533 
1536 1478 1534 
1568 1537 1535 
1538 1480 1536 
1568 1539 1537 
1540 1482 1538 
1568 1541 1539 
1542 1484 1540 
1568 1543 1541 
1544 1486 1542 
1568 1545 1543 
1546 1488 1544 
1568 1547 1545 
1548 1490 1546 
1568 1549 1547 
1550 1492 1548 
1568 1551 1549 
1552 1494 1550 
1568 1553 1551 
1554 1496 1552 
1568 1555 1553 
1556 1498 1554 
1568 1557 1555 
1558 1500 1556 
1568 1559 1557 
1560 1502 1558 
1568 1561 1559 
1562 1504 1560 
1568 1563 1561 
1564 1506 1562 
1568 1565 1563 
1566 1508 1564 
1568 1567 1565 
1568 1510 1566 

