21
0 0 0 0
1 0.032981 0 0
2 0.0514935 0 0
3 0.116611 0 0
4 0.208417 0 0
5 0.236196 0 0
6 0.288143 0 0
7 0.38317 0 0
8 0.404736 0 0
9 0.452429 0 0
10 0.510782 0 0
11 0.530559 0 0
12 0.57678 0 0
13 0.645687 0 0
14 0.658191 0 0
15 0.675211 0 0
16 0.691508 0 0
17 0.778655 0 0
18 0.846384 0 0
19 0.908298 0 0
20 1 0 0
21
0 3 0 0 1 
1 3 0 1 2 
2 3 0 2 3 
3 3 0 3 4 
4 3 0 4 5 
5 3 0 5 6 
6 3 0 6 7 
7 3 0 7 8 
8 3 0 8 9 
9 3 0 9 10 
10 3 0 10 11 
11 3 0 11 12 
12 3 0 12 13 
13 3 0 13 14 
14 3 0 14 15 
15 3 0 15 16 
16 3 0 16 17 
17 3 0 17 18 
18 3 0 18 19 
19 3 0 19 20 
20 6 0 
1 20 
2 0 
3 1 
4 2 
5 3 
6 4 
7 5 
8 6 
9 7 
10 8 
11 9 
12 10 
13 11 
14 12 
15 13 
16 14 
17 15 
18 16 
19 17 
20 18 

