16
0 0 0 0
1 0.0488455 0 0
2 0.0762629 0 0
3 0.172703 0 0
4 0.308669 0 0
5 0.34981 0 0
6 0.426745 0 0
7 0.567482 0 0
8 0.599422 0 0
9 0.670055 0 0
10 0.756477 0 0
11 0.785768 0 0
12 0.854222 0 0
13 0.956274 0 0
14 0.974793 0 0
15 1 0 0
16
0 3 0 0 1 
1 3 0 1 2 
2 3 0 2 3 
3 3 0 3 4 
4 3 0 4 5 
5 3 0 5 6 
6 3 0 6 7 
7 3 0 7 8 
8 3 0 8 9 
9 3 0 9 10 
10 3 0 10 11 
11 3 0 11 12 
12 3 0 12 13 
13 3 0 13 14 
14 3 0 14 15 
15 6 0 
1 15 
2 0 
3 1 
4 2 
5 3 
6 4 
7 5 
8 6 
9 7 
10 8 
11 9 
12 10 
13 11 
14 12 
15 13 

