26
0 0 0 0
1 0.0260506 0 0
2 0.040673 0 0
3 0.0921072 0 0
4 0.164621 0 0
5 0.186563 0 0
6 0.227594 0 0
7 0.302653 0 0
8 0.319688 0 0
9 0.357358 0 0
10 0.403449 0 0
11 0.41907 0 0
12 0.455579 0 0
13 0.510006 0 0
14 0.519883 0 0
15 0.533326 0 0
16 0.546199 0 0
17 0.615033 0 0
18 0.66853 0 0
19 0.717434 0 0
20 0.789866 0 0
21 0.861255 0 0
22 0.895798 0 0
23 0.928578 0 0
24 0.951379 0 0
25 1 0 0
26
0 3 0 0 1 
1 3 0 1 2 
2 3 0 2 3 
3 3 0 3 4 
4 3 0 4 5 
5 3 0 5 6 
6 3 0 6 7 
7 3 0 7 8 
8 3 0 8 9 
9 3 0 9 10 
10 3 0 10 11 
11 3 0 11 12 
12 3 0 12 13 
13 3 0 13 14 
14 3 0 14 15 
15 3 0 15 16 
16 3 0 16 17 
17 3 0 17 18 
18 3 0 18 19 
19 3 0 19 20 
20 3 0 20 21 
21 3 0 21 22 
22 3 0 22 23 
23 3 0 23 24 
24 3 0 24 25 
25 6 0 
1 25 
2 0 
3 1 
4 2 
5 3 
6 4 
7 5 
8 6 
9 7 
10 8 
11 9 
12 10 
13 11 
14 12 
15 13 
16 14 
17 15 
18 16 
19 17 
20 18 
21 19 
22 20 
23 21 
24 22 
25 23 

