17
0 0 0 0
1 0.0625 0 0
2 0.125 0 0
3 0.1875 0 0
4 0.25 0 0
5 0.3125 0 0
6 0.375 0 0
7 0.4375 0 0
8 0.5 0 0
9 0.5625 0 0
10 0.625 0 0
11 0.6875 0 0
12 0.75 0 0
13 0.8125 0 0
14 0.875 0 0
15 0.9375 0 0
16 1 0 0
17
0 3 0 0 1 
1 3 0 1 2 
2 3 0 2 3 
3 3 0 3 4 
4 3 0 4 5 
5 3 0 5 6 
6 3 0 6 7 
7 3 0 7 8 
8 3 1 8 9 
9 3 1 9 10 
10 3 1 10 11 
11 3 1 11 12 
12 3 1 12 13 
13 3 1 13 14 
14 3 1 14 15 
15 3 1 15 16 
16 6 0 
1 16 
2 0 
3 1 
4 2 
5 3 
6 4 
7 5 
8 6 
9 7 
10 8 
11 9 
12 10 
13 11 
14 12 
15 13 
16 14 

