23
0 0.671737 0.674048 0
1 1 0.676724 0
2 1 1 0
3 0.670168 1 0
4 0.661797 0.684597 0
5 0.504198 0.328399 0
6 0.664235 0.388572 0
7 0.334946 0.683841 0
8 0.327851 0.67614 0
9 0.338655 0.389601 0
10 0.257826 0 0
11 0.24007 0.327322 0
12 -2.77556e-17 0.359746 0
13 0 0 0
14 0.3248 1 0
15 0.498361 0 0
16 1 0 0
17 1 0.366992 0
18 0.754501 0.332805 0
19 0.756516 0 0
20 0 1 0
21 0 0.668928 0
22 0 0.359746 0
11
0 7 0 0 1 2 3 4 
1 7 0 5 6 0 4 7 8 9 
2 7 0 10 11 12 13 
3 7 0 4 3 14 7 
4 7 0 15 5 9 11 10 
5 7 0 16 17 18 19 
6 7 0 19 18 6 5 15 
7 7 0 18 17 1 0 6 
8 7 0 8 7 14 20 21 
9 7 0 11 9 8 21 22 
10 6 0 
7 10 10 3 1 
6 7 0 3 8 9 4 
4 10 10 10 
0 10 8 1 
6 1 9 2 10 
10 7 6 10 
5 7 1 4 10 
5 10 0 1 6 
1 3 10 10 9 
4 1 8 10 10 

