807
0 0.745468 0.897734 0
1 0.709677 0.904999 0
2 0.692406 0.89243 0
3 0.70286 0.854836 0
4 0.740643 0.847224 0
5 0.744159 0.851066 0
6 0.468623 0.622721 0
7 0.468954 0.624134 0
8 0.452293 0.652735 0
9 0.428766 0.6579 0
10 0.409708 0.640228 0
11 0.41741 0.600127 0
12 0.427547 0.596182 0
13 0.120179 0.489147 0
14 0.12517 0.523886 0
15 0.100098 0.537698 0
16 0.0589878 0.523789 0
17 0.0586228 0.509951 0
18 0.0907733 0.478295 0
19 0.484601 0.940835 0
20 0.520497 0.957753 0
21 0.51798 1 0
22 0.464729 1 0
23 0.46183 0.963206 0
24 0.504014 0.462062 0
25 0.476901 0.493789 0
26 0.442211 0.471645 0
27 0.445051 0.445953 0
28 0.473143 0.431361 0
29 0.485851 0.434606 0
30 0.904385 0.282656 0
31 0.920587 0.252285 0
32 0.943802 0.249524 0
33 0.960735 0.272649 0
34 0.952487 0.29931 0
35 0.91442 0.299341 0
36 0.656697 0.403671 0
37 0.644 0.384218 0
38 0.657574 0.358189 0
39 0.693946 0.354646 0
40 0.709088 0.385733 0
41 0.698623 0.401061 0
42 0.853577 0.850535 0
43 0.847226 0.843155 0
44 0.848701 0.812199 0
45 0.869801 0.793608 0
46 0.897095 0.796865 0
47 0.914335 0.823066 0
48 0.891671 0.851907 0
49 0.248058 0.84528 0
50 0.231802 0.853137 0
51 0.200819 0.839557 0
52 0.206477 0.798183 0
53 0.241091 0.791904 0
54 0.256023 0.805187 0
55 0.200436 0.740918 0
56 0.182555 0.722646 0
57 0.191584 0.681017 0
58 0.215261 0.67695 0
59 0.238104 0.699689 0
60 0.229179 0.73747 0
61 0.618542 0.861013 0
62 0.644178 0.858743 0
63 0.663989 0.897257 0
64 0.652105 0.916691 0
65 0.605636 0.912735 0
66 0.598406 0.90148 0
67 0.244583 0.348609 0
68 0.273909 0.368211 0
69 0.269848 0.399026 0
70 0.236866 0.414919 0
71 0.227491 0.411977 0
72 0.215005 0.374192 0
73 0.677225 0.122179 0
74 0.670387 0.0909946 0
75 0.700107 0.0751631 0
76 0.725293 0.0931464 0
77 0.715504 0.138089 0
78 0.70799 0.736785 0
79 0.733637 0.75979 0
80 0.722521 0.796709 0
81 0.691395 0.800224 0
82 0.670582 0.770082 0
83 0.680686 0.744527 0
84 0.334999 0.48635 0
85 0.319122 0.491938 0
86 0.287799 0.476039 0
87 0.282688 0.461891 0
88 0.30478 0.426167 0
89 0.305293 0.426009 0
90 0.34357 0.452016 0
91 0.702187 0.3376 0
92 0.736278 0.329272 0
93 0.75479 0.356558 0
94 0.733584 0.385651 0
95 0.218895 0 0
96 0.220203 0.0372091 0
97 0.195281 0.0546956 0
98 0.160755 0.035632 0
99 0.15963 0 0
100 0.894402 0.732944 0
101 0.91091 0.70646 0
102 0.94437 0.702211 0
103 0.95726 0.736399 0
104 0.9393 0.761645 0
105 0.918373 0.762707 0
106 0.183567 0.846917 0
107 0.227642 0.894979 0
108 0.206343 0.905629 0
109 0.18546 0.892013 0
110 0.0594916 0.745687 0
111 0.036403 0.722851 0
112 0.0586884 0.687118 0
113 0.0785735 0.687915 0
114 0.0955703 0.70579 0
115 0.0822301 0.743953 0
116 0.798456 0.851137 0
117 0.791049 0.802268 0
118 0.808419 0.790726 0
119 0.435081 0.710482 0
120 0.418173 0.692893 0
121 0.477696 0.686779 0
122 0.457198 0.710975 0
123 0.54923 0.351442 0
124 0.540666 0.319611 0
125 0.550614 0.302655 0
126 0.585035 0.295981 0
127 0.605781 0.33031 0
128 0.59655 0.34727 0
129 0.609505 0.384162 0
130 0.639682 0.323626 0
131 0.0266667 0.477376 0
132 0.0465117 0.538008 0
133 0 0.537887 0
134 0 0.477073 0
135 0.428024 0.915138 0
136 0.425518 0.946692 0
137 0.405759 0.958928 0
138 0.372791 0.94265 0
139 0.370071 0.918115 0
140 0.384971 0.897523 0
141 0.404205 0.894803 0
142 0.88645 0.668705 0
143 0.871213 0.735291 0
144 0.848278 0.690303 0
145 0.85438 0.680214 0
146 0.200702 0.941396 0
147 0.233845 0.960308 0
148 0.234804 1 0
149 0.175314 1 0
150 0.182574 0.950637 0
151 0.547338 0.247672 0
152 0.53608 0.20517 0
153 0.550107 0.192087 0
154 0.580719 0.192516 0
155 0.594405 0.224115 0
156 0.579083 0.249859 0
157 0.343342 0.803433 0
158 0.30949 0.813648 0
159 0.292107 0.799642 0
160 0.294486 0.759696 0
161 0.335517 0.753383 0
162 0.351278 0.793447 0
163 0.600524 0.090792 0
164 0.597597 0.055948 0
165 0.61369 0.0453934 0
166 0.64708 0.0508948 0
167 0.653263 0.0817512 0
168 0.623029 0.0993042 0
169 0.798636 0.893554 0
170 0.827242 0.906735 0
171 0.821983 0.947024 0
172 0.799308 0.959251 0
173 0.764601 0.941477 0
174 0.764905 0.913149 0
175 0.163635 0.388693 0
176 0.191242 0.367645 0
177 0.200359 0.429129 0
178 0.17724 0.422691 0
179 0.604811 0.645317 0
180 0.620487 0.671543 0
181 0.609449 0.700607 0
182 0.577761 0.709016 0
183 0.556963 0.680976 0
184 0.559014 0.665116 0
185 0.59163 0.642423 0
186 0.756613 0.754248 0
187 0.778862 0.800209 0
188 0.741483 0.816102 0
189 0.705801 0.433908 0
190 0.756494 0.415894 0
191 0.730234 0.445715 0
192 0.30974 0.194086 0
193 0.325089 0.152426 0
194 0.334673 0.147707 0
195 0.371987 0.164502 0
196 0.375528 0.178651 0
197 0.35026 0.212303 0
198 0.326729 0.211283 0
199 0.360086 0.860659 0
200 0.364908 0.850649 0
201 0.403187 0.834423 0
202 0.421985 0.859143 0
203 0.322953 0.90712 0
204 0.330929 0.868683 0
205 0.525013 0.636647 0
206 0.534582 0.608418 0
207 0.572154 0.605195 0
208 0.659739 0.943497 0
209 0.629642 0.973054 0
210 0.595799 0.947937 0
211 0.745448 0 0
212 0.744931 0.0449977 0
213 0.704791 0.0447158 0
214 0.700913 0.039458 0
215 0.705923 0 0
216 0.403371 1 0
217 0.350142 1 0
218 0.346589 0.965569 0
219 0.772899 0.737917 0
220 0.804211 0.738959 0
221 0.814686 0.75179 0
222 0.817141 0.381464 0
223 0.841646 0.368505 0
224 0.857025 0.369573 0
225 0.864071 0.418168 0
226 0.843355 0.434836 0
227 0.820233 0.428069 0
228 0.28687 0.0993586 0
229 0.253608 0.0828501 0
230 0.251907 0.0504413 0
231 0.273121 0.0361633 0
232 0.308713 0.0557663 0
233 0.305409 0.0874027 0
234 0.462471 0.86288 0
235 0.510047 0.864764 0
236 0.52179 0.893659 0
237 0.48332 0.920145 0
238 0.461182 0.902363 0
239 1 0.370406 0
240 1 0.416418 0
241 0.951433 0.418282 0
242 0.942974 0.403645 0
243 0.958228 0.368144 0
244 0.638221 0.26143 0
245 0.633528 0.270087 0
246 0.593942 0.277332 0
247 0.630145 0.229178 0
248 0.690546 0.957352 0
249 0.691392 1 0
250 0.630605 1 0
251 0.135193 0.863203 0
252 0.101057 0.846978 0
253 0.100779 0.810825 0
254 0.149001 0.810146 0
255 0.159907 0.840557 0
256 0.780088 0.358284 0
257 0.744754 0.306527 0
258 0.77656 0.301817 0
259 0.795753 0.32647 0
260 0.550175 0.0570864 0
261 0.571507 0.0456113 0
262 0.575667 0.105579 0
263 0.551452 0.0922497 0
264 0.48802 0.338777 0
265 0.446399 0.330358 0
266 0.445433 0.304859 0
267 0.466145 0.283283 0
268 0.489595 0.283774 0
269 0.504104 0.31626 0
270 1 0.523308 0
271 1 0.579576 0
272 0.971457 0.583137 0
273 0.936994 0.560651 0
274 0.935899 0.557374 0
275 0.955302 0.525472 0
276 0.657285 0.0368679 0
277 0.0568439 0.391925 0
278 0.0362845 0.356375 0
279 0.0545659 0.331183 0
280 0.0866951 0.334504 0
281 0.0966829 0.345916 0
282 0.0873815 0.388799 0
283 0.630488 0.723992 0
284 0.617808 0.758816 0
285 0.588228 0.759319 0
286 0.569484 0.731913 0
287 0.0307516 0.886765 0
288 0.0487513 0.909971 0
289 0.0390842 0.94405 0
290 0 0.943631 0
291 0 0.886638 0
292 0.856622 0.752024 0
293 0.17674 0.627834 0
294 0.173434 0.667209 0
295 0.139474 0.675229 0
296 0.116157 0.646563 0
297 0.142436 0.613495 0
298 0.835708 0.594287 0
299 0.842173 0.620158 0
300 0.83012 0.63792 0
301 0.803997 0.642839 0
302 0.78052 0.616965 0
303 0.801119 0.584485 0
304 0.786731 0 0
305 0.792502 0.0422489 0
306 0.792317 0.0425201 0
307 0.749867 0.049231 0
308 0.745448 6.93889e-18 0
309 1 0.471988 0
310 0.959265 0.468786 0
311 0.941817 0.445987 0
312 0.144127 0.726564 0
313 0.134374 0.754697 0
314 0.104283 0.763265 0
315 0.129767 0.703483 0
316 0.168837 0.186567 0
317 0.139748 0.170141 0
318 0.140413 0.14247 0
319 0.168504 0.123376 0
320 0.198986 0.145122 0
321 0.198726 0.17161 0
322 0.202145 0.599365 0
323 0.238032 0.589589 0
324 0.261637 0.628812 0
325 0.257879 0.63854 0
326 0.230347 0.647472 0
327 0.196454 0.615987 0
328 0.116353 0.185104 0
329 0.08951 0.178102 0
330 0.0806237 0.148696 0
331 0.106941 0.120796 0
332 0.635036 0.777701 0
333 0.629044 0.802021 0
334 0.599224 0.816708 0
335 0.571842 0.79098 0
336 0.553065 0.79504 0
337 0.529466 0.780435 0
338 0.532257 0.74067 0
339 0.896618 0.607133 0
340 0.873986 0.570893 0
341 0.90253 0.545357 0
342 0.914278 0.605483 0
343 1 0.226277 0
344 1 0.264265 0
345 0.956951 0.217424 0
346 0.0905902 0.905998 0
347 0.0951175 0.909154 0
348 0.101792 0.938365 0
349 0.0820578 0.956867 0
350 0.0485802 0.95617 0
351 0.856798 0.569055 0
352 0.839224 0.53546 0
353 0.851723 0.517982 0
354 0.89338 0.520765 0
355 0.659828 0.671719 0
356 0.628675 0.621036 0
357 0.666772 0.626216 0
358 0.195489 0.0810325 0
359 0.169458 0.10152 0
360 0.131521 0.0777181 0
361 0.130143 0.058904 0
362 0.89006 0.423982 0
363 0.905483 0.454575 0
364 0.896593 0.471072 0
365 0.853007 0.472631 0
366 0.280338 0.860691 0
367 0.27642 0.900661 0
368 0.262487 0.910224 0
369 0.759747 0.515914 0
370 0.745726 0.534682 0
371 0.709353 0.525819 0
372 0.703373 0.493478 0
373 0.736021 0.469084 0
374 0.747838 0.475087 0
375 0.543507 0.90336 0
376 0.544746 0.942331 0
377 0.912521 0.395432 0
378 0.901248 0.372275 0
379 0.917811 0.348081 0
380 0.945713 0.348274 0
381 0.458207 0.38735 0
382 0.49911 0.369351 0
383 0.503511 0.371518 0
384 0.513849 0.404914 0
385 0.820229 0.0906226 0
386 0.797997 0.0809228 0
387 0.830615 0.0377963 0
388 0.847475 0.0541695 0
389 0.848576 0.0759038 0
390 0.477605 0.507908 0
391 0.505849 0.529361 0
392 0.474502 0.565887 0
393 0.445381 0.558555 0
394 0.435385 0.535933 0
395 1 0.642884 0
396 0.952428 0.628377 0
397 0.206449 0.474251 0
398 0.18314 0.485904 0
399 0.146738 0.464648 0
400 0.146153 0.452799 0
401 0.591729 0.483927 0
402 0.572546 0.453078 0
403 0.602655 0.427658 0
404 0.634845 0.444389 0
405 0.622788 0.481327 0
406 0.0957293 0.583071 0
407 0.0918995 0.585364 0
408 0.0536314 0.576326 0
409 0.793594 0.565458 0
410 0.811252 0.536328 0
411 0.826174 0.230339 0
412 0.856222 0.1974 0
413 0.885363 0.227845 0
414 0.86609 0.253191 0
415 0.833989 0.247297 0
416 0.0839283 0.630276 0
417 0.101682 0.645752 0
418 0.0399038 0.662342 0
419 0.0520377 0.633819 0
420 0.388603 0.38172 0
421 0.363811 0.406154 0
422 0.328777 0.397507 0
423 0.322809 0.36728 0
424 0.346531 0.346396 0
425 0.385457 0.367944 0
426 0.767172 0.678915 0
427 0.79079 0.674514 0
428 0.816942 0.700218 0
429 0.756703 0.706244 0
430 0.109919 0.411846 0
431 0.131835 0.346484 0
432 0.148174 0.385169 0
433 0.0239752 0.233938 0
434 0.0550805 0.273575 0
435 0.0377871 0.299228 0
436 0 0.298321 0
437 0 0.23279 0
438 0.489151 0.1575 0
439 0.523314 0.141739 0
440 0.538405 0.150642 0
441 0.51302 0.205366 0
442 0.485575 0.170787 0
443 0.22765 0.100779 0
444 0.385472 0.695432 0
445 0.371601 0.678514 0
446 0.379044 0.647652 0
447 0.938316 0.891077 0
448 0.909008 0.888877 0
449 0.937679 0.826667 0
450 0.950881 0.845294 0
451 0.277418 0.668617 0
452 0.319864 0.658478 0
453 0.334292 0.681249 0
454 0.324228 0.707032 0
455 0.289366 0.713256 0
456 0.272321 0.691397 0
457 0.285014 0.196012 0
458 0.258823 0.172284 0
459 0.261317 0.146912 0
460 0.283436 0.130969 0
461 0.659961 0.835037 0
462 0.675315 0.830736 0
463 0.942804 0.502289 0
464 0.315045 0.949385 0
465 0.318045 0.910831 0
466 0.280678 0.744404 0
467 0.344273 0.735203 0
468 0.818499 0.274199 0
469 0.788546 0.274896 0
470 0.777481 0.257259 0
471 0.789464 0.22444 0
472 0.800737 0.218489 0
473 0.823395 0.129618 0
474 0.866401 0.0877384 0
475 0.869702 0.124489 0
476 0.832333 0.136089 0
477 0.345006 0.105372 0
478 0.417833 0.429829 0
479 0.416947 0.396022 0
480 0.44537 0.381719 0
481 0.407308 0.285653 0
482 0.426447 0.245046 0
483 0.448341 0.244785 0
484 0.652518 0.143088 0
485 0.627457 0.131711 0
486 0.833837 0.171577 0
487 0.855555 0.185914 0
488 0.803015 0.184819 0
489 0.185364 0.780233 0
490 0.161538 0.784855 0
491 0.51821 0.729348 0
492 0.514888 0.698558 0
493 0.785481 0.171712 0
494 0.755653 0.178579 0
495 0.734373 0.143843 0
496 0.772038 0.122482 0
497 0.788843 0.135831 0
498 0.406351 0.815379 0
499 0.441943 0.801668 0
500 0.464006 0.825157 0
501 0.459018 0.858888 0
502 0.509629 0.643948 0
503 0.497694 0.684223 0
504 0.597877 0.174091 0
505 0.643058 0.187862 0
506 0.64646 0.206178 0
507 1 0 0
508 1 0.053732 0
509 0.960998 0.0454664 0
510 0.962721 0 0
511 0.122493 0.22709 0
512 0.08915 0.240462 0
513 0.0616713 0.205016 0
514 0.0262597 0.167927 0
515 0.0485158 0.139138 0
516 0.0597848 0.204995 0
517 0.572767 0.958094 0
518 0.564329 0.892441 0
519 1 0.846701 0
520 1 0.894233 0
521 0.943744 0.897087 0
522 0.227768 0.125066 0
523 0.374392 0.729805 0
524 0.398365 0.754908 0
525 0.38305 0.788637 0
526 0.105402 0.107649 0
527 0.0625854 0.0841154 0
528 0.0610229 0.0642985 0
529 0.0994426 0.0405718 0
530 0.516467 -6.93889e-18 0
531 0.526082 0.0454508 0
532 0.497389 0.0674073 0
533 0.469524 0.0536087 0
534 0.486955 0 0
535 0.905983 0.496054 0
536 0.619696 0.578658 0
537 0.622845 0.574676 0
538 0.668863 0.574631 0
539 0.673913 0.621 0
540 0.181965 0.330647 0
541 0.149899 0.324806 0
542 0.13769 0.28726 0
543 0.14503 0.277689 0
544 0.201303 0.278351 0
545 0.207252 0.285646 0
546 0.207198 0.307251 0
547 0.804195 0.482813 0
548 0.84588 0.482214 0
549 0.794921 0.513185 0
550 0.109902 0.418039 0
551 0.919967 0 0
552 0.916626 0.0466368 0
553 0.905854 0.0546746 0
554 0.876336 0.0360932 0
555 0.874375 0 0
556 0.699033 0.625328 0
557 0.720398 0.65623 0
558 0.703027 0.681844 0
559 0.670378 0.682476 0
560 0.452198 0.188902 0
561 0.462792 0.227992 0
562 0.406485 0.226724 0
563 0.410244 0.19724 0
564 0.434001 0.182742 0
565 0.285105 0.539272 0
566 0.277651 0.566344 0
567 0.246026 0.573361 0
568 0.223499 0.53756 0
569 0.241008 0.515209 0
570 0.262758 0.51437 0
571 0.680165 0.483151 0
572 0.644596 0.506034 0
573 0.649707 0.438279 0
574 0.674105 0.452577 0
575 0.427421 0.531521 0
576 0.38731 0.542509 0
577 0.369367 0.531036 0
578 0.366089 0.501239 0
579 0.39146 0.478652 0
580 0.418973 0.490093 0
581 0.685136 0.255218 0
582 0.695376 0.28478 0
583 0.683615 0.304246 0
584 0.648378 0.309027 0
585 0.854754 0.304328 0
586 0.87491 0.277247 0
587 0.904606 0.323077 0
588 0.869754 0.325517 0
589 0.381709 0.300269 0
590 0.404295 0.340586 0
591 0.347087 0.327044 0
592 0.178411 0.52032 0
593 0.139376 0.531689 0
594 0.817546 0.324119 0
595 0.836266 0.303455 0
596 0.858938 0.368353 0
597 0.743961 0.205479 0
598 0.743034 0.206025 0
599 0.704028 0.191894 0
600 0.698556 0.174515 0
601 0.716205 0.139194 0
602 0.49243 0.22948 0
603 0.385369 0.448477 0
604 0.371296 0.440609 0
605 0.0445715 0.779663 0
606 0 0.771991 0
607 0 0.723572 0
608 0.960844 0.792176 0
609 0 0.36076 0
610 0.261002 0.942392 0
611 0.881364 0.625085 0
612 0.521451 0.588307 0
613 0.532546 0.556498 0
614 0.565804 0.556464 0
615 0.583232 0.586239 0
616 0.152053 0.899907 0
617 0.151971 0.938197 0
618 0.128673 0.949692 0
619 0.136261 0.887342 0
620 0.962874 0.316879 0
621 0.253895 0.4547 0
622 0.743244 0.255443 0
623 0.732849 0.238886 0
624 0.415442 0.751694 0
625 0.0921032 1 0
626 0.037427 1 0
627 0.576632 0.132544 0
628 0.597216 0.151278 0
629 0.356793 0.622546 0
630 0.359768 0.599969 0
631 0.385093 0.58734 0
632 0.901738 0.0736219 0
633 0.952695 0.0527046 0
634 0.954688 0.087601 0
635 0.94208 0.102334 0
636 0.924951 0.103946 0
637 0.464202 0.116382 0
638 0.445572 0.0918264 0
639 0.464075 0.0550656 0
640 0.501866 0.094518 0
641 0.706446 0.947379 0
642 0.747494 0.95592 0
643 0.745528 1 0
644 0.0564021 0.804186 0
645 0.0407769 0.827083 0
646 -6.93889e-18 0.826083 0
647 0.528429 0.467544 0
648 0.53699 0.505113 0
649 0.517593 0.530123 0
650 0.761398 0.617909 0
651 0.740831 0.654116 0
652 1 0.941399 0
653 1 1 0
654 0.961298 1 0
655 0.954295 0.948021 0
656 0.747644 0.0846603 0
657 0.651815 0 0
658 0.314411 0.531194 0
659 0.684067 0.550581 0
660 0.753626 0.558889 0
661 0.735745 0.588125 0
662 0.728648 0.589084 0
663 0.68319 0.559349 0
664 1 0.12943 0
665 1 0.172708 0
666 0.959509 0.178798 0
667 0.948408 0.160951 0
668 0.963539 0.131424 0
669 0.30509 0.848094 0
670 0.429026 0 0
671 0.430227 0.0365056 0
672 0.403576 0.0585693 0
673 0.374928 0.0486814 0
674 0.377164 -6.93889e-18 0
675 0.476722 0.745213 0
676 0.577426 0.511687 0
677 0.583908 0.526835 0
678 0.245323 0.750551 0
679 0.471203 0.762948 0
680 0.448515 0.773691 0
681 0.0523138 0.855748 0
682 0.0816147 0.861871 0
683 0.598627 0.397824 0
684 0.560062 0.395834 0
685 0.548109 0.353584 0
686 0.643983 0.514445 0
687 -6.93889e-18 0.723572 0
688 0 0.668132 0
689 0.543464 0.836379 0
690 0.566427 0.851088 0
691 0.520567 0.843548 0
692 0.221717 0.478446 0
693 0.0966303 0 0
694 0.0446283 0.0516348 0
695 0.0428907 0 0
696 0.952727 0.689097 0
697 1 0.680329 0
698 1 0.741627 0
699 0.595968 0.838615 0
700 0.132442 1 0
701 0.40075 0.132253 0
702 0.426929 0.146291 0
703 0.297279 0.358814 0
704 0.921331 0.156491 0
705 0.91371 0.12004 0
706 0.19963 0.540528 0
707 0.266618 0.250899 0
708 0.257857 0.271204 0
709 0.200451 0.237468 0
710 0.222725 0.221549 0
711 0.262687 0.24056 0
712 0.377164 0 0
713 0.364163 0.0548351 0
714 0.326311 0.043573 0
715 0.325245 0 0
716 0.0402037 0.415267 0
717 0.0571384 0.445447 0
718 0 0.414418 0
719 0.0279274 0.601853 0
720 0 0.600249 0
721 0.0794057 0.450028 0
722 0.489615 0.587901 0
723 0.572896 0 0
724 0.516467 0 0
725 0.936415 0.650862 0
726 0.888939 0.663929 0
727 0.895321 0.22629 0
728 0.911897 0.203152 0
729 0.951695 0.206982 0
730 0.396585 0.115219 0
731 0.414219 0.0896945 0
732 0.463197 0.12471 0
733 0.186898 0.573263 0
734 0.53243 0.265449 0
735 0.658732 0.720305 0
736 0.617704 0.538791 0
737 0.792396 0.375748 0
738 0.768815 0.415969 0
739 0.312446 0.256883 0
740 0.223273 0.18897 0
741 0.522081 0.107018 0
742 0.0940026 0.803113 0
743 0.771268 0.0998125 0
744 0.853799 0.963591 0
745 0.857503 1 0
746 0.80066 1 0
747 0 0.826083 0
748 0.136076 0.590104 0
749 0.147438 0.575033 0
750 0.569862 1 0
751 0.167392 0.223386 0
752 0.143376 0.237224 0
753 0.731698 0.287144 0
754 0.243151 0.334128 0
755 0.294934 0.311283 0
756 0.314218 0.302034 0
757 0 0.0575453 0
758 0 0 0
759 0.365869 0.266883 0
760 0.372459 0.239283 0
761 0.384276 0.291755 0
762 0.655562 0.170082 0
763 0.683152 0.219988 0
764 0.690774 0.243209 0
765 0.901633 0.17239 0
766 0.883681 0.168514 0
767 0.871243 0.125497 0
768 0.883474 0.935785 0
769 0.910883 0.953676 0
770 0.906312 1 0
771 1 0.0896291 0
772 0.609666 0 0
773 0.544941 0.413608 0
774 0.552431 0.448776 0
775 0.292719 0.961377 0
776 0.28857 1 0
777 0.795285 0.439447 0
778 0.716654 0.709871 0
779 0.879564 0.914001 0
780 0.849115 0.898262 0
781 0.440342 0.338042 0
782 0.496929 0.811884 0
783 0.507303 0.265638 0
784 0.299802 0.591409 0
785 0.332735 0.580014 0
786 0.323407 0.642234 0
787 0.294123 0.610797 0
788 0.503277 0.790552 0
789 0.943478 0.631667 0
790 0.277435 0 0
791 0.322472 0.270478 0
792 0.790498 0.462989 0
793 0.103133 0.288433 0
794 0.0810627 0.267164 0
795 0.94508 0.941594 0
796 0.272778 0.305869 0
797 1 0.791124 0
798 0.353957 0.100693 0
799 0.0396742 0.112302 0
800 0 0.171673 0
801 0 0.105095 0
802 1 0.322175 0
803 0.796129 0.853955 0
804 0.335547 0.546826 0
805 0.840902 0 0
806 0 1 0
401
0 7 0 0 1 2 3 4 5 
1 7 0 6 7 8 9 10 11 12 
2 7 0 13 14 15 16 17 18 
3 7 0 19 20 21 22 23 
4 7 0 24 25 26 27 28 29 
5 7 0 30 31 32 33 34 35 
6 7 0 36 37 38 39 40 41 
7 7 0 42 43 44 45 46 47 48 
8 7 0 49 50 51 52 53 54 
9 7 0 55 56 57 58 59 60 
10 7 0 61 62 63 64 65 66 
11 7 0 67 68 69 70 71 72 
12 7 0 73 74 75 76 77 
13 7 0 78 79 80 81 82 83 
14 7 0 84 85 86 87 88 89 90 
15 7 0 91 92 93 94 40 39 
16 7 0 95 96 97 98 99 
17 7 0 100 101 102 103 104 105 
18 7 0 106 51 50 107 108 109 
19 7 0 110 111 112 113 114 115 
20 7 0 43 116 117 118 44 
21 7 0 119 120 9 8 121 122 
22 7 0 123 124 125 126 127 128 
23 7 0 38 37 129 128 127 130 
24 7 0 131 17 16 132 133 134 
25 7 0 135 136 137 138 139 140 141 
26 7 0 142 101 100 143 144 145 
27 7 0 146 147 148 149 150 
28 7 0 151 152 153 154 155 156 
29 7 0 157 158 159 160 161 162 
30 7 0 163 164 165 166 167 168 
31 7 0 169 170 171 172 173 174 
32 7 0 175 176 72 71 177 178 
33 7 0 179 180 181 182 183 184 185 
34 7 0 79 186 187 188 80 
35 7 0 189 41 40 94 190 191 
36 7 0 192 193 194 195 196 197 198 
37 7 0 141 140 199 200 201 202 
38 7 0 199 140 139 203 204 
39 7 0 185 184 205 206 207 
40 7 0 208 209 210 65 64 
41 7 0 211 212 213 214 215 
42 7 0 138 137 216 217 218 
43 7 0 219 220 221 118 117 187 186 
44 7 0 222 223 224 225 226 227 
45 7 0 228 229 230 231 232 233 
46 7 0 234 235 236 237 238 
47 7 0 239 240 241 242 243 
48 7 0 244 245 246 156 155 247 
49 7 0 208 248 249 250 209 
50 7 0 251 252 253 254 255 
51 7 0 256 93 92 257 258 259 
52 7 0 260 261 164 163 262 263 
53 7 0 264 265 266 267 268 269 
54 7 0 270 271 272 273 274 275 
55 7 0 74 167 166 276 214 213 75 
56 7 0 277 278 279 280 281 282 
57 7 0 283 284 285 286 182 181 
58 7 0 287 288 289 290 291 
59 7 0 118 221 292 45 44 
60 7 0 293 294 295 296 297 
61 7 0 298 299 300 301 302 303 
62 7 0 304 305 306 307 212 308 
63 7 0 136 23 22 216 137 
64 7 0 240 309 310 311 241 
65 7 0 312 313 314 115 114 315 
66 7 0 316 317 318 319 320 321 
67 7 0 322 323 324 325 326 327 
68 7 0 317 328 329 330 331 318 
69 7 0 284 332 333 334 335 285 
70 7 0 285 335 336 337 338 286 
71 7 0 339 340 341 274 273 342 
72 7 0 343 344 33 32 345 
73 7 0 289 288 346 347 348 349 350 
74 7 0 340 351 352 353 354 341 
75 7 0 355 180 179 356 357 
76 7 0 358 359 360 361 98 97 
77 7 0 226 225 362 363 364 365 
78 7 0 366 367 368 107 50 49 
79 7 0 369 370 371 372 373 374 
80 7 0 237 236 375 376 20 19 
81 7 0 377 378 379 380 243 242 
82 7 0 29 28 381 382 383 384 
83 7 0 385 386 306 305 387 388 389 
84 7 0 390 391 392 393 394 
85 7 0 271 395 396 272 
86 7 0 143 100 105 46 45 292 
87 7 0 178 177 397 398 399 400 
88 7 0 401 402 403 404 405 
89 7 0 15 406 407 408 132 16 
90 7 0 298 303 409 410 352 351 
91 7 0 411 412 413 414 415 
92 7 0 416 417 113 112 418 419 
93 7 0 420 421 422 423 424 425 
94 7 0 426 427 428 220 219 429 
95 7 0 430 282 281 431 432 
96 7 0 433 434 435 436 437 
97 7 0 438 439 440 153 152 441 442 
98 7 0 229 443 358 97 96 230 
99 7 0 9 120 444 445 446 10 
100 7 0 447 448 48 47 449 450 
101 7 0 451 452 453 454 455 456 
102 7 0 457 458 459 460 193 192 
103 7 0 3 2 63 62 461 462 
104 7 0 309 270 275 463 310 
105 7 0 139 138 218 464 465 203 
106 7 0 160 466 455 454 467 161 
107 7 0 415 468 469 470 471 472 411 
108 7 0 473 385 389 474 475 476 
109 7 0 233 477 194 193 460 228 
110 7 0 27 478 479 480 381 28 
111 7 0 266 481 482 483 267 
112 7 0 73 484 485 168 167 74 
113 7 0 486 487 412 411 472 488 
114 7 0 55 489 490 313 312 56 
115 7 0 182 286 338 491 492 183 
116 7 0 493 494 495 496 497 
117 7 0 202 201 498 499 500 501 
118 7 0 502 503 121 8 7 
119 7 0 247 155 154 504 505 506 
120 7 0 507 508 509 510 
121 7 0 511 512 513 329 328 
122 7 0 514 515 330 329 513 516 
123 7 0 66 65 210 517 376 375 518 
124 7 0 519 520 521 447 450 
125 7 0 522 443 229 228 460 459 
126 7 0 162 161 467 523 524 525 
127 7 0 360 526 527 528 529 361 
128 7 0 530 531 532 533 534 
129 7 0 341 354 535 463 275 274 
130 7 0 357 356 536 537 538 539 
131 7 0 540 541 542 543 544 545 546 
132 7 0 547 548 353 352 410 549 
133 7 0 175 178 400 550 430 432 
134 7 0 551 552 553 554 555 
135 7 0 539 556 557 558 559 355 357 
136 7 0 560 561 483 482 562 563 564 
137 7 0 565 566 567 568 569 570 
138 7 0 571 572 405 404 573 574 
139 7 0 575 576 577 578 579 580 
140 7 0 581 582 583 584 245 244 
141 7 0 585 586 30 35 587 588 
142 7 0 589 590 425 424 591 
143 7 0 13 399 398 592 593 14 
144 7 0 594 595 585 588 596 224 223 
145 7 0 494 597 598 599 600 601 495 
146 7 0 442 441 602 561 560 
147 7 0 603 579 578 84 90 604 
148 7 0 111 110 605 606 607 
149 7 0 449 47 46 105 104 608 
150 7 0 584 583 91 39 38 130 
151 7 0 435 279 278 609 436 
152 7 0 201 200 157 162 525 498 
153 7 0 108 107 368 610 147 146 
154 7 0 611 299 298 351 340 339 
155 7 0 207 206 612 613 614 615 
156 7 0 616 617 618 348 347 619 
157 7 0 35 34 620 380 379 587 
158 7 0 87 621 70 69 88 
159 7 0 470 622 623 598 597 471 
160 7 0 624 524 523 444 120 119 
161 7 0 349 625 626 350 
162 7 0 183 492 503 502 205 184 
163 7 0 440 627 628 504 154 153 
164 7 0 11 10 446 629 630 631 
165 7 0 632 553 552 633 634 635 636 
166 7 0 637 638 639 533 532 640 
167 7 0 641 642 643 249 248 
168 7 0 605 644 645 646 606 
169 7 0 647 648 649 391 390 25 24 
170 7 0 432 431 541 540 176 175 
171 7 0 650 302 301 427 426 651 
172 7 0 652 653 654 655 
173 7 0 656 76 75 213 212 307 
174 7 0 26 580 579 603 478 27 
175 7 0 215 214 276 657 
176 7 0 85 658 565 570 86 
177 7 0 145 144 428 427 301 300 
178 7 0 659 371 370 660 661 662 663 
179 7 0 664 665 666 667 668 
180 7 0 158 669 366 49 54 159 
181 7 0 670 671 672 673 674 
182 7 0 122 121 503 492 491 675 
183 7 0 614 613 649 648 676 677 
184 7 0 60 678 53 52 489 55 
185 7 0 679 680 624 119 122 675 
186 7 0 288 287 681 682 346 
187 7 0 80 188 4 3 462 81 
188 7 0 683 684 685 123 128 129 
189 7 0 686 572 571 372 371 659 
190 7 0 418 112 111 687 688 
191 7 0 641 248 208 64 63 2 1 
192 7 0 689 690 518 375 236 235 691 
193 7 0 86 570 569 692 621 87 
194 7 0 320 319 359 358 443 522 
195 7 0 693 529 528 694 695 
196 7 0 696 697 698 103 102 
197 7 0 25 390 394 575 580 26 
198 7 0 336 335 334 699 690 689 
199 7 0 617 150 149 700 618 
200 7 0 564 563 196 195 701 702 
201 7 0 88 69 68 703 423 422 89 
202 7 0 667 704 705 636 635 668 
203 7 0 619 251 255 106 109 616 
204 7 0 415 414 586 585 595 468 
205 7 0 397 692 569 568 706 592 398 
206 7 0 707 708 545 544 709 710 711 
207 7 0 353 548 365 364 535 354 
208 7 0 712 673 713 714 715 
209 7 0 716 717 131 134 718 
210 7 0 132 408 719 720 133 
211 7 0 400 399 13 18 721 550 
212 7 0 613 612 722 392 391 649 
213 7 0 408 407 416 419 719 
214 7 0 723 261 260 531 724 
215 7 0 725 696 102 101 142 726 
216 7 0 345 32 31 727 728 729 
217 7 0 702 701 730 731 638 637 732 
218 7 0 733 706 568 567 323 322 
219 7 0 126 125 734 151 156 246 
220 7 0 488 472 471 597 494 493 
221 7 0 559 735 283 181 180 355 
222 7 0 537 736 686 659 663 538 
223 7 0 190 94 93 256 737 738 
224 7 0 711 457 192 198 739 707 
225 7 0 711 710 740 458 457 
226 7 0 510 509 633 552 551 
227 7 0 615 614 677 736 537 536 
228 7 0 741 263 262 627 440 439 
229 7 0 468 595 594 259 258 469 
230 7 0 596 378 377 362 225 224 
231 7 0 254 253 742 314 313 490 
232 7 0 539 538 663 662 556 
233 7 0 495 601 77 76 656 743 496 
234 7 0 171 744 745 746 172 
235 7 0 645 681 287 291 747 
236 7 0 327 293 297 748 749 733 322 
237 7 0 205 502 7 6 722 612 206 
238 7 0 210 209 250 750 517 
239 7 0 751 752 511 328 317 316 
240 7 0 469 258 257 753 622 470 
241 7 0 67 72 176 540 546 754 
242 7 0 665 343 345 729 666 
243 7 0 591 424 423 703 755 756 
244 7 0 144 143 292 221 220 428 
245 7 0 56 312 315 295 294 57 
246 7 0 17 131 717 721 18 
247 7 0 534 533 639 671 670 
248 7 0 159 54 53 678 466 160 
249 7 0 737 256 259 594 223 222 
250 7 0 556 662 661 650 651 557 
251 7 0 695 694 757 758 
252 7 0 759 760 562 482 481 761 
253 7 0 586 414 413 727 31 30 
254 7 0 173 172 746 643 642 
255 7 0 564 702 732 438 442 560 
256 7 0 77 601 600 762 484 73 
257 7 0 57 294 293 327 326 58 
258 7 0 581 244 247 506 763 764 
259 7 0 177 71 70 621 692 397 
260 7 0 628 627 262 163 168 485 
261 7 0 705 704 765 766 767 
262 7 0 768 769 770 745 744 
263 7 0 604 421 420 479 478 603 
264 7 0 634 771 664 668 635 
265 7 0 619 347 346 682 252 251 
266 7 0 772 165 164 261 723 
267 7 0 348 618 700 625 349 
268 7 0 773 684 683 403 402 774 
269 7 0 200 199 204 669 158 157 
270 7 0 610 775 776 148 147 
271 7 0 738 737 222 227 777 
272 7 0 550 721 717 716 277 282 430 
273 7 0 719 419 418 688 720 
274 7 0 558 778 78 83 735 559 
275 7 0 563 562 760 197 196 
276 7 0 764 623 622 753 582 581 
277 7 0 779 768 744 171 170 780 
278 7 0 265 781 590 589 761 481 266 
279 7 0 573 404 403 683 129 37 36 
280 7 0 691 235 234 501 500 782 
281 7 0 735 83 82 332 284 283 
282 7 0 82 81 462 461 333 332 
283 7 0 268 783 734 125 124 269 
284 7 0 48 448 779 780 42 
285 7 0 253 252 682 681 645 644 742 
286 7 0 61 66 518 690 699 
287 7 0 109 108 146 150 617 616 
288 7 0 14 593 749 748 406 15 
289 7 0 587 379 378 596 588 
290 7 0 784 785 630 629 786 787 
291 7 0 699 334 333 461 62 61 
292 7 0 549 410 409 660 370 369 
293 7 0 269 124 123 685 383 382 264 
294 7 0 782 500 499 680 679 788 
295 7 0 789 396 395 697 696 725 
296 7 0 474 389 388 554 553 632 
297 7 0 715 714 232 231 790 
298 7 0 264 382 381 480 781 265 
299 7 0 732 637 640 741 439 438 
300 7 0 479 420 425 590 781 480 
301 7 0 376 517 750 21 20 
302 7 0 318 331 526 360 359 319 
303 7 0 657 276 166 165 772 
304 7 0 574 573 36 41 189 
305 7 0 255 254 490 489 52 51 106 
306 7 0 342 273 272 396 789 
307 7 0 444 523 467 454 453 445 
308 7 0 336 689 691 782 788 337 
309 7 0 791 739 198 197 760 759 
310 7 0 680 499 498 525 524 624 
311 7 0 638 731 672 671 639 
312 7 0 773 774 647 24 29 384 
313 7 0 788 679 675 491 338 337 
314 7 0 557 651 426 429 778 558 
315 7 0 267 483 561 602 783 268 
316 7 0 321 320 522 459 458 740 
317 7 0 241 311 363 362 377 242 
318 7 0 374 373 191 190 738 777 792 
319 7 0 752 543 542 793 794 512 511 
320 7 0 203 465 367 366 669 204 
321 7 0 791 759 761 589 591 756 
322 7 0 520 652 655 795 521 
323 7 0 660 409 303 302 650 661 
324 7 0 546 545 708 796 754 
325 7 0 103 698 797 608 104 
326 7 0 798 713 673 672 731 730 
327 7 0 407 406 748 297 296 417 416 
328 7 0 799 515 514 800 801 
329 7 0 705 767 475 474 632 636 
330 7 0 571 574 189 191 373 372 
331 7 0 234 238 135 141 202 501 
332 7 0 364 363 311 310 463 535 
333 7 0 238 237 19 23 136 135 
334 7 0 802 239 243 380 620 
335 7 0 464 218 217 776 775 
336 7 0 790 231 230 96 95 
337 7 0 232 714 713 798 477 233 
338 7 0 734 783 602 441 152 151 
339 7 0 392 722 6 12 393 
340 7 0 726 142 145 300 299 611 
341 7 0 58 326 325 451 456 59 
342 7 0 792 777 227 226 365 548 547 
343 7 0 306 386 743 656 307 
344 7 0 506 505 762 600 599 763 
345 7 0 493 497 473 476 486 488 
346 7 0 742 644 605 110 115 314 
347 7 0 5 4 188 187 117 116 803 
348 7 0 578 577 804 658 85 84 
349 7 0 59 456 455 466 678 60 
350 7 0 615 536 356 179 185 207 
351 7 0 280 279 435 434 794 793 
352 7 0 547 549 369 374 792 
353 7 0 99 98 361 529 693 
354 7 0 709 544 543 752 751 
355 7 0 763 599 598 623 764 
356 7 0 640 532 531 260 263 741 
357 7 0 521 795 769 768 779 448 447 
358 7 0 384 383 685 684 773 
359 7 0 516 513 512 794 434 433 
360 7 0 453 452 786 629 446 445 
361 7 0 694 528 527 799 801 757 
362 7 0 583 582 753 257 92 91 
363 7 0 514 516 433 437 800 
364 7 0 367 465 464 775 610 368 
365 7 0 709 751 316 321 740 710 
366 7 0 555 554 388 387 805 
367 7 0 509 508 771 634 633 
368 7 0 754 796 755 703 68 67 
369 7 0 749 593 592 706 733 
370 7 0 344 802 620 34 33 
371 7 0 795 655 654 770 769 
372 7 0 280 793 542 541 431 281 
373 7 0 658 804 785 784 566 565 
374 7 0 727 413 412 487 766 765 728 
375 7 0 174 173 642 641 1 0 
376 7 0 476 475 767 766 487 486 
377 7 0 805 387 305 304 
378 7 0 774 402 401 676 648 647 
379 7 0 756 755 796 708 707 739 791 
380 7 0 289 350 626 806 290 
381 7 0 797 519 450 449 608 
382 7 0 505 504 628 485 484 762 
383 7 0 666 729 728 765 704 667 
384 7 0 342 789 725 726 611 339 
385 7 0 778 429 219 186 79 78 
386 7 0 0 5 803 169 174 
387 7 0 394 393 12 11 631 576 575 
388 7 0 315 114 113 417 296 295 
389 7 0 130 127 126 246 245 584 
390 7 0 90 89 422 421 604 
391 7 0 787 786 452 451 325 324 
392 7 0 736 677 676 401 405 572 686 
393 7 0 497 496 743 386 385 473 
394 7 0 526 331 330 515 799 527 
395 7 0 780 170 169 803 116 43 42 
396 7 0 631 630 785 804 577 576 
397 7 0 195 194 477 798 730 701 
398 7 0 567 566 784 787 324 323 
399 7 0 278 277 716 718 609 
400 6 0 
375 191 103 187 347 386 
237 118 21 99 164 387 339 
143 288 89 24 246 211 
80 301 400 63 333 
169 197 174 110 82 312 
253 216 72 370 157 141 
279 23 150 15 35 304 
395 20 59 86 149 100 284 
78 18 305 184 248 180 
114 245 257 341 349 184 
291 103 191 40 123 286 
368 201 158 259 32 241 
112 55 173 233 256 
385 34 187 282 281 274 
348 176 193 158 201 390 147 
362 51 223 35 6 150 
336 98 76 353 400 
26 215 196 325 149 86 
305 8 78 153 287 203 
148 190 92 388 65 346 
395 347 43 59 7 
160 99 1 118 182 185 
293 283 219 389 23 188 
6 279 188 22 389 150 
246 2 89 210 400 209 
333 63 42 105 38 37 331 
215 17 86 244 177 340 
153 270 400 199 287 
338 97 163 119 48 219 
269 180 248 106 126 152 
52 266 303 55 112 260 
395 277 234 254 375 386 
170 241 11 259 87 133 
75 221 57 115 162 39 350 
385 43 347 187 13 
304 6 15 223 318 330 
102 109 397 200 275 309 224 
25 38 269 152 117 331 
37 25 105 320 269 
33 162 237 155 350 
49 238 123 10 191 
400 173 55 175 400 
25 63 400 335 105 
94 244 59 20 347 34 385 
249 144 230 77 342 271 
125 98 336 297 337 109 
280 192 80 333 331 
400 64 317 81 334 
140 389 219 28 119 258 
191 167 400 238 40 
265 285 231 305 203 
223 15 362 240 229 249 
214 266 30 260 228 356 
298 278 111 315 283 293 
400 85 306 71 129 104 
112 30 303 175 41 173 12 
399 151 351 372 95 272 
281 69 70 115 33 221 
186 73 380 400 235 
43 244 86 7 20 
257 245 388 327 236 
154 340 177 171 323 90 
377 83 343 173 400 400 
333 3 400 42 25 
400 104 332 317 47 
114 231 346 19 388 245 
239 68 302 194 316 365 
218 398 391 341 257 236 
239 121 122 394 302 66 
281 282 291 198 70 57 
69 198 308 313 115 57 
154 74 129 54 306 384 
400 370 5 216 242 
58 186 265 156 267 161 380 
154 90 132 207 129 71 
221 33 350 130 135 
194 302 127 353 16 98 
44 230 317 332 207 342 
320 364 153 18 8 180 
292 178 189 330 318 352 
46 192 123 301 3 333 
230 289 157 334 47 317 
4 110 298 293 358 312 
393 343 62 377 366 296 108 
169 212 339 387 197 
400 295 306 54 
26 17 149 7 59 244 
32 259 205 143 211 133 
378 268 279 138 392 
288 327 213 210 24 2 
61 323 292 132 74 154 
113 374 253 204 107 
327 388 19 190 273 213 
263 390 201 243 142 300 
171 177 244 43 385 314 
272 56 372 170 133 
359 351 151 400 363 
299 228 163 28 338 146 255 
125 194 76 16 336 45 
21 160 307 360 164 1 
357 284 7 149 381 124 
391 360 307 106 349 341 
225 316 125 109 36 224 
0 191 10 291 282 187 
400 54 129 332 64 
25 42 335 364 320 38 
248 349 101 307 126 29 
204 229 240 159 220 113 91 
393 83 296 329 376 345 
337 397 36 102 125 45 
174 263 300 298 82 4 
278 252 136 315 53 
256 382 260 30 55 12 
376 374 91 107 220 345 
184 305 231 65 245 9 
57 70 313 182 162 33 
220 145 233 393 345 
37 152 310 294 280 331 
162 182 21 1 237 
48 28 163 382 344 258 
400 367 226 400 
319 359 122 68 239 
328 394 68 121 359 363 
10 40 238 301 80 192 286 
400 322 357 100 381 
194 98 45 109 102 316 
29 106 307 160 310 152 
302 394 361 195 353 76 
400 356 166 247 400 
74 207 332 104 54 71 
75 350 227 222 232 135 
170 372 319 354 206 324 241 
342 207 74 90 292 352 
32 87 211 272 95 170 
226 165 296 366 400 
232 250 314 274 221 75 130 
146 315 111 252 275 200 255 
373 398 218 205 193 176 
189 392 88 279 304 330 
387 396 348 147 174 197 
276 362 150 389 48 258 
204 253 5 157 289 144 
278 300 93 243 321 
211 87 205 369 288 2 
229 204 141 289 230 44 249 
220 159 355 344 256 233 116 
97 338 315 136 255 
174 139 348 14 390 263 
19 346 168 400 400 
100 7 86 17 325 381 
140 362 15 6 23 389 
351 56 399 400 96 
37 269 29 126 310 117 
18 78 364 270 27 287 
340 61 90 74 71 384 
39 237 212 183 227 350 
287 199 267 73 265 203 
5 370 334 81 289 141 
193 259 11 201 14 
240 276 355 145 220 107 
310 126 307 99 21 185 
267 400 380 73 
115 182 118 237 39 33 
228 260 382 119 28 97 
1 99 360 290 396 387 
296 134 226 367 264 202 329 
217 311 247 128 356 299 
375 254 400 49 191 
346 285 400 400 148 
378 183 212 84 197 4 312 
95 372 131 241 32 133 
323 61 177 94 314 250 
400 400 371 322 
233 12 55 41 62 343 
197 139 147 263 110 4 
41 55 303 400 
348 373 137 193 14 
26 244 94 171 61 340 
189 79 292 323 250 232 222 
400 242 383 202 264 
269 320 78 8 248 29 
247 311 326 400 400 
21 118 162 115 313 185 
155 212 169 378 392 227 
349 248 8 305 114 9 
294 310 160 21 182 313 
58 235 285 265 73 
34 347 0 103 282 13 
268 358 293 22 23 279 
392 138 330 79 178 222 
92 19 400 400 273 
167 49 40 10 103 0 375 
198 286 123 80 46 280 308 
176 137 205 259 158 14 
66 302 76 98 125 316 
353 127 361 251 400 
295 400 325 17 215 
169 84 387 139 174 4 
70 69 291 286 192 308 
287 27 400 267 156 
136 275 36 397 217 255 
158 11 368 243 93 390 14 
383 261 329 165 264 179 
265 50 305 18 287 156 
91 253 141 144 229 107 
259 193 137 218 369 143 87 
379 324 131 354 365 225 224 
132 342 77 332 129 74 
400 326 337 297 400 
272 246 24 400 399 
89 213 273 400 24 
87 143 2 246 272 133 
155 237 339 84 169 183 
89 327 92 273 210 
266 52 356 400 400 
295 196 17 26 340 384 
72 5 253 374 383 242 
200 397 326 311 166 299 255 
369 205 137 398 67 236 
22 283 338 28 48 389 
113 107 159 145 116 345 
274 281 57 33 75 135 
227 392 189 178 232 130 
35 15 51 249 271 318 
225 102 36 309 379 206 
206 365 316 102 224 
120 367 165 134 400 
155 183 392 222 130 350 
356 52 260 163 97 299 
204 144 249 51 240 107 
289 81 317 77 44 144 
50 285 346 65 114 305 
130 222 178 250 135 
145 256 12 173 343 393 116 
277 262 400 254 31 
285 186 58 400 400 
257 60 327 288 369 218 67 
162 118 1 339 212 155 39 
40 49 400 301 123 
354 319 121 68 66 365 
229 51 362 276 159 107 
11 32 170 131 324 368 
400 72 216 383 179 
142 93 201 368 379 321 
26 86 59 43 94 177 
114 65 388 60 257 9 
24 209 272 211 2 
128 166 311 181 400 
180 8 184 349 106 29 
223 51 229 144 44 271 
232 178 323 171 314 135 
195 361 400 400 
309 275 136 111 278 321 
204 91 374 216 5 141 
31 234 400 167 375 
200 217 299 97 146 136 
233 145 344 382 112 12 
245 60 236 67 341 9 
140 48 119 344 355 276 
32 11 158 193 205 87 
163 228 52 30 112 382 
202 383 374 376 329 
357 371 400 234 277 
390 93 300 110 174 147 
367 400 179 202 165 
156 73 186 285 50 203 
303 30 52 214 400 
156 199 400 161 73 
358 188 279 88 378 312 
37 38 320 180 29 152 
364 335 400 27 153 
223 249 44 342 318 
211 246 209 399 56 95 133 
213 92 190 400 210 
314 385 13 281 221 135 
136 252 309 36 200 
355 159 240 362 140 258 
357 262 234 31 395 284 
298 300 142 321 252 111 53 
138 88 268 188 23 6 304 
192 46 331 117 294 308 
274 13 282 69 57 221 
13 187 103 291 69 281 
315 338 219 22 293 53 
100 357 277 395 7 
50 265 186 235 168 346 231 
10 123 192 198 291 
18 153 27 199 156 203 
143 369 236 327 89 2 
157 81 230 144 141 
373 396 164 360 391 398 
198 69 282 103 10 286 
132 90 323 178 79 352 
283 22 188 358 82 298 53 
280 117 310 185 313 308 
306 85 400 196 215 384 
108 83 366 134 165 329 
208 337 45 336 400 
293 82 110 300 278 53 
217 166 356 228 97 255 
263 93 142 278 298 110 
123 238 400 3 80 
68 394 127 76 194 66 
175 55 30 266 400 
138 279 6 35 330 
50 231 114 184 8 18 203 
71 54 85 295 384 
160 126 106 101 360 99 
198 192 280 294 313 70 
379 224 36 275 252 321 
294 117 152 126 160 185 
217 326 181 247 166 
268 378 169 4 82 358 
294 185 182 115 70 308 
250 171 94 385 274 135 
111 136 146 338 283 53 
66 194 125 102 225 365 
64 332 77 230 81 47 
79 330 35 223 271 342 352 
354 131 372 351 359 121 239 
105 364 78 180 269 38 
309 252 278 142 243 379 
400 172 371 357 124 
292 90 61 171 250 178 
131 206 379 368 241 
196 400 381 149 17 
337 208 181 311 217 397 
89 288 236 60 388 92 213 
394 122 363 400 361 
261 376 108 296 165 202 
138 304 35 318 79 189 
46 333 25 37 117 280 
77 317 64 104 129 207 
46 80 3 63 25 331 
400 47 81 157 370 
105 42 400 270 364 
297 45 98 16 400 
297 208 326 397 109 45 
283 315 146 97 28 219 
212 237 1 387 84 
215 26 177 61 154 384 
257 67 391 101 349 9 
318 271 44 77 207 132 352 
83 393 233 173 62 
119 382 256 145 355 258 
116 393 108 376 113 220 
285 168 148 19 65 231 
0 187 34 43 20 395 386 
139 396 373 176 14 147 
341 101 106 248 184 9 
227 130 75 33 39 155 
56 151 96 359 319 372 
132 292 79 318 342 
16 76 127 195 400 
206 131 319 239 365 
344 145 159 276 258 
166 128 214 52 228 299 
322 371 262 277 284 100 124 
82 293 188 268 312 
122 121 319 351 96 363 
101 391 290 164 99 307 
195 127 394 328 400 251 
140 276 240 51 15 150 
122 359 96 400 328 
320 105 335 270 153 78 
354 239 66 316 225 206 
134 296 83 377 400 
120 400 264 165 226 
324 379 243 201 11 241 
288 143 205 218 236 
400 334 157 5 72 
322 172 400 262 357 
351 319 131 170 95 56 
348 396 290 398 137 176 
253 91 113 376 261 383 216 
31 254 167 191 0 386 
108 329 261 374 113 345 
366 83 62 400 
268 88 392 183 169 312 
243 368 324 206 224 309 321 
73 161 400 400 58 
400 124 100 149 325 
119 163 260 112 256 344 
242 216 374 261 202 179 
306 295 215 340 154 71 
314 94 43 34 13 274 
0 347 395 31 375 
84 339 1 164 396 139 197 
65 19 92 327 60 245 
23 22 219 48 140 150 
14 201 93 263 147 
290 360 101 341 67 398 
227 183 378 88 138 189 222 
116 233 343 83 108 345 
302 68 122 328 361 127 
277 31 386 347 20 7 284 
164 290 373 348 139 387 
36 109 337 326 217 200 
137 373 290 391 67 218 
56 272 209 400 151 

