61
0 0 0 0
1 0.5 0 0
2 1 0 0
3 1.5 0 0
4 2 0 0
5 2.5 0 0
6 3 0 0
7 3.5 0 0
8 4 0 0
9 4.5 0 0
10 5 0 0
11 5.5 0 0
12 6 0 0
13 6.5 0 0
14 7 0 0
15 7.5 0 0
16 8 0 0
17 8.5 0 0
18 9 0 0
19 9.5 0 0
20 10 0 0
21 10.5 0 0
22 11 0 0
23 11.5 0 0
24 12 0 0
25 12.5 0 0
26 13 0 0
27 13.5 0 0
28 14 0 0
29 14.5 0 0
30 15 0 0
31 15.5 0 0
32 16 0 0
33 16.5 0 0
34 17 0 0
35 17.5 0 0
36 18 0 0
37 18.5 0 0
38 19 0 0
39 19.5 0 0
40 20 0 0
41 20.5 0 0
42 21 0 0
43 21.5 0 0
44 22 0 0
45 22.5 0 0
46 23 0 0
47 23.5 0 0
48 24 0 0
49 24.5 0 0
50 25 0 0
51 25.5 0 0
52 26 0 0
53 26.5 0 0
54 27 0 0
55 27.5 0 0
56 28 0 0
57 28.5 0 0
58 29 0 0
59 29.5 0 0
60 30 0 0
61
0 3 0 0 1 
1 3 0 1 2 
2 3 0 2 3 
3 3 0 3 4 
4 3 0 4 5 
5 3 0 5 6 
6 3 0 6 7 
7 3 0 7 8 
8 3 0 8 9 
9 3 0 9 10 
10 3 0 10 11 
11 3 0 11 12 
12 3 0 12 13 
13 3 0 13 14 
14 3 0 14 15 
15 3 0 15 16 
16 3 0 16 17 
17 3 0 17 18 
18 3 0 18 19 
19 3 0 19 20 
20 3 0 20 21 
21 3 0 21 22 
22 3 0 22 23 
23 3 0 23 24 
24 3 0 24 25 
25 3 0 25 26 
26 3 0 26 27 
27 3 0 27 28 
28 3 0 28 29 
29 3 0 29 30 
30 3 0 30 31 
31 3 0 31 32 
32 3 0 32 33 
33 3 0 33 34 
34 3 0 34 35 
35 3 0 35 36 
36 3 0 36 37 
37 3 0 37 38 
38 3 0 38 39 
39 3 0 39 40 
40 3 0 40 41 
41 3 0 41 42 
42 3 0 42 43 
43 3 0 43 44 
44 3 0 44 45 
45 3 0 45 46 
46 3 0 46 47 
47 3 0 47 48 
48 3 0 48 49 
49 3 0 49 50 
50 3 0 50 51 
51 3 0 51 52 
52 3 0 52 53 
53 3 0 53 54 
54 3 0 54 55 
55 3 0 55 56 
56 3 0 56 57 
57 3 0 57 58 
58 3 0 58 59 
59 3 0 59 60 
60 6 0 
1 60 
2 0 
3 1 
4 2 
5 3 
6 4 
7 5 
8 6 
9 7 
10 8 
11 9 
12 10 
13 11 
14 12 
15 13 
16 14 
17 15 
18 16 
19 17 
20 18 
21 19 
22 20 
23 21 
24 22 
25 23 
26 24 
27 25 
28 26 
29 27 
30 28 
31 29 
32 30 
33 31 
34 32 
35 33 
36 34 
37 35 
38 36 
39 37 
40 38 
41 39 
42 40 
43 41 
44 42 
45 43 
46 44 
47 45 
48 46 
49 47 
50 48 
51 49 
52 50 
53 51 
54 52 
55 53 
56 54 
57 55 
58 56 
59 57 
60 58 

