401
0 0 0 0
1 0.075 0 0
2 0.15 0 0
3 0.225 0 0
4 0.3 0 0
5 0.375 0 0
6 0.45 0 0
7 0.525 0 0
8 0.6 0 0
9 0.675 0 0
10 0.75 0 0
11 0.825 0 0
12 0.9 0 0
13 0.975 0 0
14 1.05 0 0
15 1.125 0 0
16 1.2 0 0
17 1.275 0 0
18 1.35 0 0
19 1.425 0 0
20 1.5 0 0
21 1.575 0 0
22 1.65 0 0
23 1.725 0 0
24 1.8 0 0
25 1.875 0 0
26 1.95 0 0
27 2.025 0 0
28 2.1 0 0
29 2.175 0 0
30 2.25 0 0
31 2.325 0 0
32 2.4 0 0
33 2.475 0 0
34 2.55 0 0
35 2.625 0 0
36 2.7 0 0
37 2.775 0 0
38 2.85 0 0
39 2.925 0 0
40 3 0 0
41 3.075 0 0
42 3.15 0 0
43 3.225 0 0
44 3.3 0 0
45 3.375 0 0
46 3.45 0 0
47 3.525 0 0
48 3.6 0 0
49 3.675 0 0
50 3.75 0 0
51 3.825 0 0
52 3.9 0 0
53 3.975 0 0
54 4.05 0 0
55 4.125 0 0
56 4.2 0 0
57 4.275 0 0
58 4.35 0 0
59 4.425 0 0
60 4.5 0 0
61 4.575 0 0
62 4.65 0 0
63 4.725 0 0
64 4.8 0 0
65 4.875 0 0
66 4.95 0 0
67 5.025 0 0
68 5.1 0 0
69 5.175 0 0
70 5.25 0 0
71 5.325 0 0
72 5.4 0 0
73 5.475 0 0
74 5.55 0 0
75 5.625 0 0
76 5.7 0 0
77 5.775 0 0
78 5.85 0 0
79 5.925 0 0
80 6 0 0
81 6.075 0 0
82 6.15 0 0
83 6.225 0 0
84 6.3 0 0
85 6.375 0 0
86 6.45 0 0
87 6.525 0 0
88 6.6 0 0
89 6.675 0 0
90 6.75 0 0
91 6.825 0 0
92 6.9 0 0
93 6.975 0 0
94 7.05 0 0
95 7.125 0 0
96 7.2 0 0
97 7.275 0 0
98 7.35 0 0
99 7.425 0 0
100 7.5 0 0
101 7.575 0 0
102 7.65 0 0
103 7.725 0 0
104 7.8 0 0
105 7.875 0 0
106 7.95 0 0
107 8.025 0 0
108 8.1 0 0
109 8.175 0 0
110 8.25 0 0
111 8.325 0 0
112 8.4 0 0
113 8.475 0 0
114 8.55 0 0
115 8.625 0 0
116 8.7 0 0
117 8.775 0 0
118 8.85 0 0
119 8.925 0 0
120 9 0 0
121 9.075 0 0
122 9.15 0 0
123 9.225 0 0
124 9.3 0 0
125 9.375 0 0
126 9.45 0 0
127 9.525 0 0
128 9.6 0 0
129 9.675 0 0
130 9.75 0 0
131 9.825 0 0
132 9.9 0 0
133 9.975 0 0
134 10.05 0 0
135 10.125 0 0
136 10.2 0 0
137 10.275 0 0
138 10.35 0 0
139 10.425 0 0
140 10.5 0 0
141 10.575 0 0
142 10.65 0 0
143 10.725 0 0
144 10.8 0 0
145 10.875 0 0
146 10.95 0 0
147 11.025 0 0
148 11.1 0 0
149 11.175 0 0
150 11.25 0 0
151 11.325 0 0
152 11.4 0 0
153 11.475 0 0
154 11.55 0 0
155 11.625 0 0
156 11.7 0 0
157 11.775 0 0
158 11.85 0 0
159 11.925 0 0
160 12 0 0
161 12.075 0 0
162 12.15 0 0
163 12.225 0 0
164 12.3 0 0
165 12.375 0 0
166 12.45 0 0
167 12.525 0 0
168 12.6 0 0
169 12.675 0 0
170 12.75 0 0
171 12.825 0 0
172 12.9 0 0
173 12.975 0 0
174 13.05 0 0
175 13.125 0 0
176 13.2 0 0
177 13.275 0 0
178 13.35 0 0
179 13.425 0 0
180 13.5 0 0
181 13.575 0 0
182 13.65 0 0
183 13.725 0 0
184 13.8 0 0
185 13.875 0 0
186 13.95 0 0
187 14.025 0 0
188 14.1 0 0
189 14.175 0 0
190 14.25 0 0
191 14.325 0 0
192 14.4 0 0
193 14.475 0 0
194 14.55 0 0
195 14.625 0 0
196 14.7 0 0
197 14.775 0 0
198 14.85 0 0
199 14.925 0 0
200 15 0 0
201 15.075 0 0
202 15.15 0 0
203 15.225 0 0
204 15.3 0 0
205 15.375 0 0
206 15.45 0 0
207 15.525 0 0
208 15.6 0 0
209 15.675 0 0
210 15.75 0 0
211 15.825 0 0
212 15.9 0 0
213 15.975 0 0
214 16.05 0 0
215 16.125 0 0
216 16.2 0 0
217 16.275 0 0
218 16.35 0 0
219 16.425 0 0
220 16.5 0 0
221 16.575 0 0
222 16.65 0 0
223 16.725 0 0
224 16.8 0 0
225 16.875 0 0
226 16.95 0 0
227 17.025 0 0
228 17.1 0 0
229 17.175 0 0
230 17.25 0 0
231 17.325 0 0
232 17.4 0 0
233 17.475 0 0
234 17.55 0 0
235 17.625 0 0
236 17.7 0 0
237 17.775 0 0
238 17.85 0 0
239 17.925 0 0
240 18 0 0
241 18.075 0 0
242 18.15 0 0
243 18.225 0 0
244 18.3 0 0
245 18.375 0 0
246 18.45 0 0
247 18.525 0 0
248 18.6 0 0
249 18.675 0 0
250 18.75 0 0
251 18.825 0 0
252 18.9 0 0
253 18.975 0 0
254 19.05 0 0
255 19.125 0 0
256 19.2 0 0
257 19.275 0 0
258 19.35 0 0
259 19.425 0 0
260 19.5 0 0
261 19.575 0 0
262 19.65 0 0
263 19.725 0 0
264 19.8 0 0
265 19.875 0 0
266 19.95 0 0
267 20.025 0 0
268 20.1 0 0
269 20.175 0 0
270 20.25 0 0
271 20.325 0 0
272 20.4 0 0
273 20.475 0 0
274 20.55 0 0
275 20.625 0 0
276 20.7 0 0
277 20.775 0 0
278 20.85 0 0
279 20.925 0 0
280 21 0 0
281 21.075 0 0
282 21.15 0 0
283 21.225 0 0
284 21.3 0 0
285 21.375 0 0
286 21.45 0 0
287 21.525 0 0
288 21.6 0 0
289 21.675 0 0
290 21.75 0 0
291 21.825 0 0
292 21.9 0 0
293 21.975 0 0
294 22.05 0 0
295 22.125 0 0
296 22.2 0 0
297 22.275 0 0
298 22.35 0 0
299 22.425 0 0
300 22.5 0 0
301 22.575 0 0
302 22.65 0 0
303 22.725 0 0
304 22.8 0 0
305 22.875 0 0
306 22.95 0 0
307 23.025 0 0
308 23.1 0 0
309 23.175 0 0
310 23.25 0 0
311 23.325 0 0
312 23.4 0 0
313 23.475 0 0
314 23.55 0 0
315 23.625 0 0
316 23.7 0 0
317 23.775 0 0
318 23.85 0 0
319 23.925 0 0
320 24 0 0
321 24.075 0 0
322 24.15 0 0
323 24.225 0 0
324 24.3 0 0
325 24.375 0 0
326 24.45 0 0
327 24.525 0 0
328 24.6 0 0
329 24.675 0 0
330 24.75 0 0
331 24.825 0 0
332 24.9 0 0
333 24.975 0 0
334 25.05 0 0
335 25.125 0 0
336 25.2 0 0
337 25.275 0 0
338 25.35 0 0
339 25.425 0 0
340 25.5 0 0
341 25.575 0 0
342 25.65 0 0
343 25.725 0 0
344 25.8 0 0
345 25.875 0 0
346 25.95 0 0
347 26.025 0 0
348 26.1 0 0
349 26.175 0 0
350 26.25 0 0
351 26.325 0 0
352 26.4 0 0
353 26.475 0 0
354 26.55 0 0
355 26.625 0 0
356 26.7 0 0
357 26.775 0 0
358 26.85 0 0
359 26.925 0 0
360 27 0 0
361 27.075 0 0
362 27.15 0 0
363 27.225 0 0
364 27.3 0 0
365 27.375 0 0
366 27.45 0 0
367 27.525 0 0
368 27.6 0 0
369 27.675 0 0
370 27.75 0 0
371 27.825 0 0
372 27.9 0 0
373 27.975 0 0
374 28.05 0 0
375 28.125 0 0
376 28.2 0 0
377 28.275 0 0
378 28.35 0 0
379 28.425 0 0
380 28.5 0 0
381 28.575 0 0
382 28.65 0 0
383 28.725 0 0
384 28.8 0 0
385 28.875 0 0
386 28.95 0 0
387 29.025 0 0
388 29.1 0 0
389 29.175 0 0
390 29.25 0 0
391 29.325 0 0
392 29.4 0 0
393 29.475 0 0
394 29.55 0 0
395 29.625 0 0
396 29.7 0 0
397 29.775 0 0
398 29.85 0 0
399 29.925 0 0
400 30 0 0
401
0 3 0 0 1 
1 3 0 1 2 
2 3 0 2 3 
3 3 0 3 4 
4 3 0 4 5 
5 3 0 5 6 
6 3 0 6 7 
7 3 0 7 8 
8 3 0 8 9 
9 3 0 9 10 
10 3 0 10 11 
11 3 0 11 12 
12 3 0 12 13 
13 3 0 13 14 
14 3 0 14 15 
15 3 0 15 16 
16 3 0 16 17 
17 3 0 17 18 
18 3 0 18 19 
19 3 0 19 20 
20 3 0 20 21 
21 3 0 21 22 
22 3 0 22 23 
23 3 0 23 24 
24 3 0 24 25 
25 3 0 25 26 
26 3 0 26 27 
27 3 0 27 28 
28 3 0 28 29 
29 3 0 29 30 
30 3 0 30 31 
31 3 0 31 32 
32 3 0 32 33 
33 3 0 33 34 
34 3 0 34 35 
35 3 0 35 36 
36 3 0 36 37 
37 3 0 37 38 
38 3 0 38 39 
39 3 0 39 40 
40 3 0 40 41 
41 3 0 41 42 
42 3 0 42 43 
43 3 0 43 44 
44 3 0 44 45 
45 3 0 45 46 
46 3 0 46 47 
47 3 0 47 48 
48 3 0 48 49 
49 3 0 49 50 
50 3 0 50 51 
51 3 0 51 52 
52 3 0 52 53 
53 3 0 53 54 
54 3 0 54 55 
55 3 0 55 56 
56 3 0 56 57 
57 3 0 57 58 
58 3 0 58 59 
59 3 0 59 60 
60 3 0 60 61 
61 3 0 61 62 
62 3 0 62 63 
63 3 0 63 64 
64 3 0 64 65 
65 3 0 65 66 
66 3 0 66 67 
67 3 0 67 68 
68 3 0 68 69 
69 3 0 69 70 
70 3 0 70 71 
71 3 0 71 72 
72 3 0 72 73 
73 3 0 73 74 
74 3 0 74 75 
75 3 0 75 76 
76 3 0 76 77 
77 3 0 77 78 
78 3 0 78 79 
79 3 0 79 80 
80 3 0 80 81 
81 3 0 81 82 
82 3 0 82 83 
83 3 0 83 84 
84 3 0 84 85 
85 3 0 85 86 
86 3 0 86 87 
87 3 0 87 88 
88 3 0 88 89 
89 3 0 89 90 
90 3 0 90 91 
91 3 0 91 92 
92 3 0 92 93 
93 3 0 93 94 
94 3 0 94 95 
95 3 0 95 96 
96 3 0 96 97 
97 3 0 97 98 
98 3 0 98 99 
99 3 0 99 100 
100 3 0 100 101 
101 3 0 101 102 
102 3 0 102 103 
103 3 0 103 104 
104 3 0 104 105 
105 3 0 105 106 
106 3 0 106 107 
107 3 0 107 108 
108 3 0 108 109 
109 3 0 109 110 
110 3 0 110 111 
111 3 0 111 112 
112 3 0 112 113 
113 3 0 113 114 
114 3 0 114 115 
115 3 0 115 116 
116 3 0 116 117 
117 3 0 117 118 
118 3 0 118 119 
119 3 0 119 120 
120 3 0 120 121 
121 3 0 121 122 
122 3 0 122 123 
123 3 0 123 124 
124 3 0 124 125 
125 3 0 125 126 
126 3 0 126 127 
127 3 0 127 128 
128 3 0 128 129 
129 3 0 129 130 
130 3 0 130 131 
131 3 0 131 132 
132 3 0 132 133 
133 3 0 133 134 
134 3 0 134 135 
135 3 0 135 136 
136 3 0 136 137 
137 3 0 137 138 
138 3 0 138 139 
139 3 0 139 140 
140 3 0 140 141 
141 3 0 141 142 
142 3 0 142 143 
143 3 0 143 144 
144 3 0 144 145 
145 3 0 145 146 
146 3 0 146 147 
147 3 0 147 148 
148 3 0 148 149 
149 3 0 149 150 
150 3 0 150 151 
151 3 0 151 152 
152 3 0 152 153 
153 3 0 153 154 
154 3 0 154 155 
155 3 0 155 156 
156 3 0 156 157 
157 3 0 157 158 
158 3 0 158 159 
159 3 0 159 160 
160 3 0 160 161 
161 3 0 161 162 
162 3 0 162 163 
163 3 0 163 164 
164 3 0 164 165 
165 3 0 165 166 
166 3 0 166 167 
167 3 0 167 168 
168 3 0 168 169 
169 3 0 169 170 
170 3 0 170 171 
171 3 0 171 172 
172 3 0 172 173 
173 3 0 173 174 
174 3 0 174 175 
175 3 0 175 176 
176 3 0 176 177 
177 3 0 177 178 
178 3 0 178 179 
179 3 0 179 180 
180 3 0 180 181 
181 3 0 181 182 
182 3 0 182 183 
183 3 0 183 184 
184 3 0 184 185 
185 3 0 185 186 
186 3 0 186 187 
187 3 0 187 188 
188 3 0 188 189 
189 3 0 189 190 
190 3 0 190 191 
191 3 0 191 192 
192 3 0 192 193 
193 3 0 193 194 
194 3 0 194 195 
195 3 0 195 196 
196 3 0 196 197 
197 3 0 197 198 
198 3 0 198 199 
199 3 0 199 200 
200 3 0 200 201 
201 3 0 201 202 
202 3 0 202 203 
203 3 0 203 204 
204 3 0 204 205 
205 3 0 205 206 
206 3 0 206 207 
207 3 0 207 208 
208 3 0 208 209 
209 3 0 209 210 
210 3 0 210 211 
211 3 0 211 212 
212 3 0 212 213 
213 3 0 213 214 
214 3 0 214 215 
215 3 0 215 216 
216 3 0 216 217 
217 3 0 217 218 
218 3 0 218 219 
219 3 0 219 220 
220 3 0 220 221 
221 3 0 221 222 
222 3 0 222 223 
223 3 0 223 224 
224 3 0 224 225 
225 3 0 225 226 
226 3 0 226 227 
227 3 0 227 228 
228 3 0 228 229 
229 3 0 229 230 
230 3 0 230 231 
231 3 0 231 232 
232 3 0 232 233 
233 3 0 233 234 
234 3 0 234 235 
235 3 0 235 236 
236 3 0 236 237 
237 3 0 237 238 
238 3 0 238 239 
239 3 0 239 240 
240 3 0 240 241 
241 3 0 241 242 
242 3 0 242 243 
243 3 0 243 244 
244 3 0 244 245 
245 3 0 245 246 
246 3 0 246 247 
247 3 0 247 248 
248 3 0 248 249 
249 3 0 249 250 
250 3 0 250 251 
251 3 0 251 252 
252 3 0 252 253 
253 3 0 253 254 
254 3 0 254 255 
255 3 0 255 256 
256 3 0 256 257 
257 3 0 257 258 
258 3 0 258 259 
259 3 0 259 260 
260 3 0 260 261 
261 3 0 261 262 
262 3 0 262 263 
263 3 0 263 264 
264 3 0 264 265 
265 3 0 265 266 
266 3 0 266 267 
267 3 0 267 268 
268 3 0 268 269 
269 3 0 269 270 
270 3 0 270 271 
271 3 0 271 272 
272 3 0 272 273 
273 3 0 273 274 
274 3 0 274 275 
275 3 0 275 276 
276 3 0 276 277 
277 3 0 277 278 
278 3 0 278 279 
279 3 0 279 280 
280 3 0 280 281 
281 3 0 281 282 
282 3 0 282 283 
283 3 0 283 284 
284 3 0 284 285 
285 3 0 285 286 
286 3 0 286 287 
287 3 0 287 288 
288 3 0 288 289 
289 3 0 289 290 
290 3 0 290 291 
291 3 0 291 292 
292 3 0 292 293 
293 3 0 293 294 
294 3 0 294 295 
295 3 0 295 296 
296 3 0 296 297 
297 3 0 297 298 
298 3 0 298 299 
299 3 0 299 300 
300 3 0 300 301 
301 3 0 301 302 
302 3 0 302 303 
303 3 0 303 304 
304 3 0 304 305 
305 3 0 305 306 
306 3 0 306 307 
307 3 0 307 308 
308 3 0 308 309 
309 3 0 309 310 
310 3 0 310 311 
311 3 0 311 312 
312 3 0 312 313 
313 3 0 313 314 
314 3 0 314 315 
315 3 0 315 316 
316 3 0 316 317 
317 3 0 317 318 
318 3 0 318 319 
319 3 0 319 320 
320 3 0 320 321 
321 3 0 321 322 
322 3 0 322 323 
323 3 0 323 324 
324 3 0 324 325 
325 3 0 325 326 
326 3 0 326 327 
327 3 0 327 328 
328 3 0 328 329 
329 3 0 329 330 
330 3 0 330 331 
331 3 0 331 332 
332 3 0 332 333 
333 3 0 333 334 
334 3 0 334 335 
335 3 0 335 336 
336 3 0 336 337 
337 3 0 337 338 
338 3 0 338 339 
339 3 0 339 340 
340 3 0 340 341 
341 3 0 341 342 
342 3 0 342 343 
343 3 0 343 344 
344 3 0 344 345 
345 3 0 345 346 
346 3 0 346 347 
347 3 0 347 348 
348 3 0 348 349 
349 3 0 349 350 
350 3 0 350 351 
351 3 0 351 352 
352 3 0 352 353 
353 3 0 353 354 
354 3 0 354 355 
355 3 0 355 356 
356 3 0 356 357 
357 3 0 357 358 
358 3 0 358 359 
359 3 0 359 360 
360 3 0 360 361 
361 3 0 361 362 
362 3 0 362 363 
363 3 0 363 364 
364 3 0 364 365 
365 3 0 365 366 
366 3 0 366 367 
367 3 0 367 368 
368 3 0 368 369 
369 3 0 369 370 
370 3 0 370 371 
371 3 0 371 372 
372 3 0 372 373 
373 3 0 373 374 
374 3 0 374 375 
375 3 0 375 376 
376 3 0 376 377 
377 3 0 377 378 
378 3 0 378 379 
379 3 0 379 380 
380 3 0 380 381 
381 3 0 381 382 
382 3 0 382 383 
383 3 0 383 384 
384 3 0 384 385 
385 3 0 385 386 
386 3 0 386 387 
387 3 0 387 388 
388 3 0 388 389 
389 3 0 389 390 
390 3 0 390 391 
391 3 0 391 392 
392 3 0 392 393 
393 3 0 393 394 
394 3 0 394 395 
395 3 0 395 396 
396 3 0 396 397 
397 3 0 397 398 
398 3 0 398 399 
399 3 0 399 400 
400 6 -1 
1 400 
2 0 
3 1 
4 2 
5 3 
6 4 
7 5 
8 6 
9 7 
10 8 
11 9 
12 10 
13 11 
14 12 
15 13 
16 14 
17 15 
18 16 
19 17 
20 18 
21 19 
22 20 
23 21 
24 22 
25 23 
26 24 
27 25 
28 26 
29 27 
30 28 
31 29 
32 30 
33 31 
34 32 
35 33 
36 34 
37 35 
38 36 
39 37 
40 38 
41 39 
42 40 
43 41 
44 42 
45 43 
46 44 
47 45 
48 46 
49 47 
50 48 
51 49 
52 50 
53 51 
54 52 
55 53 
56 54 
57 55 
58 56 
59 57 
60 58 
61 59 
62 60 
63 61 
64 62 
65 63 
66 64 
67 65 
68 66 
69 67 
70 68 
71 69 
72 70 
73 71 
74 72 
75 73 
76 74 
77 75 
78 76 
79 77 
80 78 
81 79 
82 80 
83 81 
84 82 
85 83 
86 84 
87 85 
88 86 
89 87 
90 88 
91 89 
92 90 
93 91 
94 92 
95 93 
96 94 
97 95 
98 96 
99 97 
100 98 
101 99 
102 100 
103 101 
104 102 
105 103 
106 104 
107 105 
108 106 
109 107 
110 108 
111 109 
112 110 
113 111 
114 112 
115 113 
116 114 
117 115 
118 116 
119 117 
120 118 
121 119 
122 120 
123 121 
124 122 
125 123 
126 124 
127 125 
128 126 
129 127 
130 128 
131 129 
132 130 
133 131 
134 132 
135 133 
136 134 
137 135 
138 136 
139 137 
140 138 
141 139 
142 140 
143 141 
144 142 
145 143 
146 144 
147 145 
148 146 
149 147 
150 148 
151 149 
152 150 
153 151 
154 152 
155 153 
156 154 
157 155 
158 156 
159 157 
160 158 
161 159 
162 160 
163 161 
164 162 
165 163 
166 164 
167 165 
168 166 
169 167 
170 168 
171 169 
172 170 
173 171 
174 172 
175 173 
176 174 
177 175 
178 176 
179 177 
180 178 
181 179 
182 180 
183 181 
184 182 
185 183 
186 184 
187 185 
188 186 
189 187 
190 188 
191 189 
192 190 
193 191 
194 192 
195 193 
196 194 
197 195 
198 196 
199 197 
200 198 
201 199 
202 200 
203 201 
204 202 
205 203 
206 204 
207 205 
208 206 
209 207 
210 208 
211 209 
212 210 
213 211 
214 212 
215 213 
216 214 
217 215 
218 216 
219 217 
220 218 
221 219 
222 220 
223 221 
224 222 
225 223 
226 224 
227 225 
228 226 
229 227 
230 228 
231 229 
232 230 
233 231 
234 232 
235 233 
236 234 
237 235 
238 236 
239 237 
240 238 
241 239 
242 240 
243 241 
244 242 
245 243 
246 244 
247 245 
248 246 
249 247 
250 248 
251 249 
252 250 
253 251 
254 252 
255 253 
256 254 
257 255 
258 256 
259 257 
260 258 
261 259 
262 260 
263 261 
264 262 
265 263 
266 264 
267 265 
268 266 
269 267 
270 268 
271 269 
272 270 
273 271 
274 272 
275 273 
276 274 
277 275 
278 276 
279 277 
280 278 
281 279 
282 280 
283 281 
284 282 
285 283 
286 284 
287 285 
288 286 
289 287 
290 288 
291 289 
292 290 
293 291 
294 292 
295 293 
296 294 
297 295 
298 296 
299 297 
300 298 
301 299 
302 300 
303 301 
304 302 
305 303 
306 304 
307 305 
308 306 
309 307 
310 308 
311 309 
312 310 
313 311 
314 312 
315 313 
316 314 
317 315 
318 316 
319 317 
320 318 
321 319 
322 320 
323 321 
324 322 
325 323 
326 324 
327 325 
328 326 
329 327 
330 328 
331 329 
332 330 
333 331 
334 332 
335 333 
336 334 
337 335 
338 336 
339 337 
340 338 
341 339 
342 340 
343 341 
344 342 
345 343 
346 344 
347 345 
348 346 
349 347 
350 348 
351 349 
352 350 
353 351 
354 352 
355 353 
356 354 
357 355 
358 356 
359 357 
360 358 
361 359 
362 360 
363 361 
364 362 
365 363 
366 364 
367 365 
368 366 
369 367 
370 368 
371 369 
372 370 
373 371 
374 372 
375 373 
376 374 
377 375 
378 376 
379 377 
380 378 
381 379 
382 380 
383 381 
384 382 
385 383 
386 384 
387 385 
388 386 
389 387 
390 388 
391 389 
392 390 
393 391 
394 392 
395 393 
396 394 
397 395 
398 396 
399 397 
400 398 

