604
0 0 0 0
1 0 0 0.2
2 0 0.2 0
3 0 0.2 0.2
4 0 0.4 0
5 0 0.4 0.2
6 0 0.6 0
7 0 0.6 0.2
8 0 0.8 0
9 0 0.8 0.2
10 0 1 0
11 0 1 0.2
12 0 1.2 0
13 0 1.2 0.2
14 0 1.4 0
15 0 1.4 0.2
16 0 1.6 0
17 0 1.6 0.2
18 0 1.8 0
19 0 1.8 0.2
20 0 2 0
21 0 2 0.2
22 0 2.2 0
23 0 2.2 0.2
24 0 2.4 0
25 0 2.4 0.2
26 0 2.6 0
27 0 2.6 0.2
28 0 2.8 0
29 0 2.8 0.2
30 0 3 0
31 0 3 0.2
32 0 3.2 0
33 0 3.2 0.2
34 0 3.4 0
35 0 3.4 0.2
36 0 3.6 0
37 0 3.6 0.2
38 0 3.8 0
39 0 3.8 0.2
40 0 4 0
41 0 4 0.2
42 0 4.2 0
43 0 4.2 0.2
44 0 4.4 0
45 0 4.4 0.2
46 0 4.6 0
47 0 4.6 0.2
48 0 4.8 0
49 0 4.8 0.2
50 0 5 0
51 0 5 0.2
52 0 5.2 0
53 0 5.2 0.2
54 0 5.4 0
55 0 5.4 0.2
56 0 5.6 0
57 0 5.6 0.2
58 0 5.8 0
59 0 5.8 0.2
60 0 6 0
61 0 6 0.2
62 0 6.2 0
63 0 6.2 0.2
64 0 6.4 0
65 0 6.4 0.2
66 0 6.6 0
67 0 6.6 0.2
68 0 6.8 0
69 0 6.8 0.2
70 0 7 0
71 0 7 0.2
72 0 7.2 0
73 0 7.2 0.2
74 0 7.4 0
75 0 7.4 0.2
76 0 7.6 0
77 0 7.6 0.2
78 0 7.8 0
79 0 7.8 0.2
80 0 8 0
81 0 8 0.2
82 0 8.2 0
83 0 8.2 0.2
84 0 8.4 0
85 0 8.4 0.2
86 0 8.6 0
87 0 8.6 0.2
88 0 8.8 0
89 0 8.8 0.2
90 0 9 0
91 0 9 0.2
92 0 9.2 0
93 0 9.2 0.2
94 0 9.4 0
95 0 9.4 0.2
96 0 9.6 0
97 0 9.6 0.2
98 0 9.8 0
99 0 9.8 0.2
100 0 10 0
101 0 10 0.2
102 0 10.2 0
103 0 10.2 0.2
104 0 10.4 0
105 0 10.4 0.2
106 0 10.6 0
107 0 10.6 0.2
108 0 10.8 0
109 0 10.8 0.2
110 0 11 0
111 0 11 0.2
112 0 11.2 0
113 0 11.2 0.2
114 0 11.4 0
115 0 11.4 0.2
116 0 11.6 0
117 0 11.6 0.2
118 0 11.8 0
119 0 11.8 0.2
120 0 12 0
121 0 12 0.2
122 0 12.2 0
123 0 12.2 0.2
124 0 12.4 0
125 0 12.4 0.2
126 0 12.6 0
127 0 12.6 0.2
128 0 12.8 0
129 0 12.8 0.2
130 0 13 0
131 0 13 0.2
132 0 13.2 0
133 0 13.2 0.2
134 0 13.4 0
135 0 13.4 0.2
136 0 13.6 0
137 0 13.6 0.2
138 0 13.8 0
139 0 13.8 0.2
140 0 14 0
141 0 14 0.2
142 0 14.2 0
143 0 14.2 0.2
144 0 14.4 0
145 0 14.4 0.2
146 0 14.6 0
147 0 14.6 0.2
148 0 14.8 0
149 0 14.8 0.2
150 0 15 0
151 0 15 0.2
152 0 15.2 0
153 0 15.2 0.2
154 0 15.4 0
155 0 15.4 0.2
156 0 15.6 0
157 0 15.6 0.2
158 0 15.8 0
159 0 15.8 0.2
160 0 16 0
161 0 16 0.2
162 0 16.2 0
163 0 16.2 0.2
164 0 16.4 0
165 0 16.4 0.2
166 0 16.6 0
167 0 16.6 0.2
168 0 16.8 0
169 0 16.8 0.2
170 0 17 0
171 0 17 0.2
172 0 17.2 0
173 0 17.2 0.2
174 0 17.4 0
175 0 17.4 0.2
176 0 17.6 0
177 0 17.6 0.2
178 0 17.8 0
179 0 17.8 0.2
180 0 18 0
181 0 18 0.2
182 0 18.2 0
183 0 18.2 0.2
184 0 18.4 0
185 0 18.4 0.2
186 0 18.6 0
187 0 18.6 0.2
188 0 18.8 0
189 0 18.8 0.2
190 0 19 0
191 0 19 0.2
192 0 19.2 0
193 0 19.2 0.2
194 0 19.4 0
195 0 19.4 0.2
196 0 19.6 0
197 0 19.6 0.2
198 0 19.8 0
199 0 19.8 0.2
200 0 20 0
201 0 20 0.2
202 0 20.2 0
203 0 20.2 0.2
204 0 20.4 0
205 0 20.4 0.2
206 0 20.6 0
207 0 20.6 0.2
208 0 20.8 0
209 0 20.8 0.2
210 0 21 0
211 0 21 0.2
212 0 21.2 0
213 0 21.2 0.2
214 0 21.4 0
215 0 21.4 0.2
216 0 21.6 0
217 0 21.6 0.2
218 0 21.8 0
219 0 21.8 0.2
220 0 22 0
221 0 22 0.2
222 0 22.2 0
223 0 22.2 0.2
224 0 22.4 0
225 0 22.4 0.2
226 0 22.6 0
227 0 22.6 0.2
228 0 22.8 0
229 0 22.8 0.2
230 0 23 0
231 0 23 0.2
232 0 23.2 0
233 0 23.2 0.2
234 0 23.4 0
235 0 23.4 0.2
236 0 23.6 0
237 0 23.6 0.2
238 0 23.8 0
239 0 23.8 0.2
240 0 24 0
241 0 24 0.2
242 0 24.2 0
243 0 24.2 0.2
244 0 24.4 0
245 0 24.4 0.2
246 0 24.6 0
247 0 24.6 0.2
248 0 24.8 0
249 0 24.8 0.2
250 0 25 0
251 0 25 0.2
252 0 25.2 0
253 0 25.2 0.2
254 0 25.4 0
255 0 25.4 0.2
256 0 25.6 0
257 0 25.6 0.2
258 0 25.8 0
259 0 25.8 0.2
260 0 26 0
261 0 26 0.2
262 0 26.2 0
263 0 26.2 0.2
264 0 26.4 0
265 0 26.4 0.2
266 0 26.6 0
267 0 26.6 0.2
268 0 26.8 0
269 0 26.8 0.2
270 0 27 0
271 0 27 0.2
272 0 27.2 0
273 0 27.2 0.2
274 0 27.4 0
275 0 27.4 0.2
276 0 27.6 0
277 0 27.6 0.2
278 0 27.8 0
279 0 27.8 0.2
280 0 28 0
281 0 28 0.2
282 0 28.2 0
283 0 28.2 0.2
284 0 28.4 0
285 0 28.4 0.2
286 0 28.6 0
287 0 28.6 0.2
288 0 28.8 0
289 0 28.8 0.2
290 0 29 0
291 0 29 0.2
292 0 29.2 0
293 0 29.2 0.2
294 0 29.4 0
295 0 29.4 0.2
296 0 29.6 0
297 0 29.6 0.2
298 0 29.8 0
299 0 29.8 0.2
300 0 30 0
301 0 30 0.2
302 0.2 0 0
303 0.2 0 0.2
304 0.2 0.2 0
305 0.2 0.2 0.2
306 0.2 0.4 0
307 0.2 0.4 0.2
308 0.2 0.6 0
309 0.2 0.6 0.2
310 0.2 0.8 0
311 0.2 0.8 0.2
312 0.2 1 0
313 0.2 1 0.2
314 0.2 1.2 0
315 0.2 1.2 0.2
316 0.2 1.4 0
317 0.2 1.4 0.2
318 0.2 1.6 0
319 0.2 1.6 0.2
320 0.2 1.8 0
321 0.2 1.8 0.2
322 0.2 2 0
323 0.2 2 0.2
324 0.2 2.2 0
325 0.2 2.2 0.2
326 0.2 2.4 0
327 0.2 2.4 0.2
328 0.2 2.6 0
329 0.2 2.6 0.2
330 0.2 2.8 0
331 0.2 2.8 0.2
332 0.2 3 0
333 0.2 3 0.2
334 0.2 3.2 0
335 0.2 3.2 0.2
336 0.2 3.4 0
337 0.2 3.4 0.2
338 0.2 3.6 0
339 0.2 3.6 0.2
340 0.2 3.8 0
341 0.2 3.8 0.2
342 0.2 4 0
343 0.2 4 0.2
344 0.2 4.2 0
345 0.2 4.2 0.2
346 0.2 4.4 0
347 0.2 4.4 0.2
348 0.2 4.6 0
349 0.2 4.6 0.2
350 0.2 4.8 0
351 0.2 4.8 0.2
352 0.2 5 0
353 0.2 5 0.2
354 0.2 5.2 0
355 0.2 5.2 0.2
356 0.2 5.4 0
357 0.2 5.4 0.2
358 0.2 5.6 0
359 0.2 5.6 0.2
360 0.2 5.8 0
361 0.2 5.8 0.2
362 0.2 6 0
363 0.2 6 0.2
364 0.2 6.2 0
365 0.2 6.2 0.2
366 0.2 6.4 0
367 0.2 6.4 0.2
368 0.2 6.6 0
369 0.2 6.6 0.2
370 0.2 6.8 0
371 0.2 6.8 0.2
372 0.2 7 0
373 0.2 7 0.2
374 0.2 7.2 0
375 0.2 7.2 0.2
376 0.2 7.4 0
377 0.2 7.4 0.2
378 0.2 7.6 0
379 0.2 7.6 0.2
380 0.2 7.8 0
381 0.2 7.8 0.2
382 0.2 8 0
383 0.2 8 0.2
384 0.2 8.2 0
385 0.2 8.2 0.2
386 0.2 8.4 0
387 0.2 8.4 0.2
388 0.2 8.6 0
389 0.2 8.6 0.2
390 0.2 8.8 0
391 0.2 8.8 0.2
392 0.2 9 0
393 0.2 9 0.2
394 0.2 9.2 0
395 0.2 9.2 0.2
396 0.2 9.4 0
397 0.2 9.4 0.2
398 0.2 9.6 0
399 0.2 9.6 0.2
400 0.2 9.8 0
401 0.2 9.8 0.2
402 0.2 10 0
403 0.2 10 0.2
404 0.2 10.2 0
405 0.2 10.2 0.2
406 0.2 10.4 0
407 0.2 10.4 0.2
408 0.2 10.6 0
409 0.2 10.6 0.2
410 0.2 10.8 0
411 0.2 10.8 0.2
412 0.2 11 0
413 0.2 11 0.2
414 0.2 11.2 0
415 0.2 11.2 0.2
416 0.2 11.4 0
417 0.2 11.4 0.2
418 0.2 11.6 0
419 0.2 11.6 0.2
420 0.2 11.8 0
421 0.2 11.8 0.2
422 0.2 12 0
423 0.2 12 0.2
424 0.2 12.2 0
425 0.2 12.2 0.2
426 0.2 12.4 0
427 0.2 12.4 0.2
428 0.2 12.6 0
429 0.2 12.6 0.2
430 0.2 12.8 0
431 0.2 12.8 0.2
432 0.2 13 0
433 0.2 13 0.2
434 0.2 13.2 0
435 0.2 13.2 0.2
436 0.2 13.4 0
437 0.2 13.4 0.2
438 0.2 13.6 0
439 0.2 13.6 0.2
440 0.2 13.8 0
441 0.2 13.8 0.2
442 0.2 14 0
443 0.2 14 0.2
444 0.2 14.2 0
445 0.2 14.2 0.2
446 0.2 14.4 0
447 0.2 14.4 0.2
448 0.2 14.6 0
449 0.2 14.6 0.2
450 0.2 14.8 0
451 0.2 14.8 0.2
452 0.2 15 0
453 0.2 15 0.2
454 0.2 15.2 0
455 0.2 15.2 0.2
456 0.2 15.4 0
457 0.2 15.4 0.2
458 0.2 15.6 0
459 0.2 15.6 0.2
460 0.2 15.8 0
461 0.2 15.8 0.2
462 0.2 16 0
463 0.2 16 0.2
464 0.2 16.2 0
465 0.2 16.2 0.2
466 0.2 16.4 0
467 0.2 16.4 0.2
468 0.2 16.6 0
469 0.2 16.6 0.2
470 0.2 16.8 0
471 0.2 16.8 0.2
472 0.2 17 0
473 0.2 17 0.2
474 0.2 17.2 0
475 0.2 17.2 0.2
476 0.2 17.4 0
477 0.2 17.4 0.2
478 0.2 17.6 0
479 0.2 17.6 0.2
480 0.2 17.8 0
481 0.2 17.8 0.2
482 0.2 18 0
483 0.2 18 0.2
484 0.2 18.2 0
485 0.2 18.2 0.2
486 0.2 18.4 0
487 0.2 18.4 0.2
488 0.2 18.6 0
489 0.2 18.6 0.2
490 0.2 18.8 0
491 0.2 18.8 0.2
492 0.2 19 0
493 0.2 19 0.2
494 0.2 19.2 0
495 0.2 19.2 0.2
496 0.2 19.4 0
497 0.2 19.4 0.2
498 0.2 19.6 0
499 0.2 19.6 0.2
500 0.2 19.8 0
501 0.2 19.8 0.2
502 0.2 20 0
503 0.2 20 0.2
504 0.2 20.2 0
505 0.2 20.2 0.2
506 0.2 20.4 0
507 0.2 20.4 0.2
508 0.2 20.6 0
509 0.2 20.6 0.2
510 0.2 20.8 0
511 0.2 20.8 0.2
512 0.2 21 0
513 0.2 21 0.2
514 0.2 21.2 0
515 0.2 21.2 0.2
516 0.2 21.4 0
517 0.2 21.4 0.2
518 0.2 21.6 0
519 0.2 21.6 0.2
520 0.2 21.8 0
521 0.2 21.8 0.2
522 0.2 22 0
523 0.2 22 0.2
524 0.2 22.2 0
525 0.2 22.2 0.2
526 0.2 22.4 0
527 0.2 22.4 0.2
528 0.2 22.6 0
529 0.2 22.6 0.2
530 0.2 22.8 0
531 0.2 22.8 0.2
532 0.2 23 0
533 0.2 23 0.2
534 0.2 23.2 0
535 0.2 23.2 0.2
536 0.2 23.4 0
537 0.2 23.4 0.2
538 0.2 23.6 0
539 0.2 23.6 0.2
540 0.2 23.8 0
541 0.2 23.8 0.2
542 0.2 24 0
543 0.2 24 0.2
544 0.2 24.2 0
545 0.2 24.2 0.2
546 0.2 24.4 0
547 0.2 24.4 0.2
548 0.2 24.6 0
549 0.2 24.6 0.2
550 0.2 24.8 0
551 0.2 24.8 0.2
552 0.2 25 0
553 0.2 25 0.2
554 0.2 25.2 0
555 0.2 25.2 0.2
556 0.2 25.4 0
557 0.2 25.4 0.2
558 0.2 25.6 0
559 0.2 25.6 0.2
560 0.2 25.8 0
561 0.2 25.8 0.2
562 0.2 26 0
563 0.2 26 0.2
564 0.2 26.2 0
565 0.2 26.2 0.2
566 0.2 26.4 0
567 0.2 26.4 0.2
568 0.2 26.6 0
569 0.2 26.6 0.2
570 0.2 26.8 0
571 0.2 26.8 0.2
572 0.2 27 0
573 0.2 27 0.2
574 0.2 27.2 0
575 0.2 27.2 0.2
576 0.2 27.4 0
577 0.2 27.4 0.2
578 0.2 27.6 0
579 0.2 27.6 0.2
580 0.2 27.8 0
581 0.2 27.8 0.2
582 0.2 28 0
583 0.2 28 0.2
584 0.2 28.2 0
585 0.2 28.2 0.2
586 0.2 28.4 0
587 0.2 28.4 0.2
588 0.2 28.6 0
589 0.2 28.6 0.2
590 0.2 28.8 0
591 0.2 28.8 0.2
592 0.2 29 0
593 0.2 29 0.2
594 0.2 29.2 0
595 0.2 29.2 0.2
596 0.2 29.4 0
597 0.2 29.4 0.2
598 0.2 29.6 0
599 0.2 29.6 0.2
600 0.2 29.8 0
601 0.2 29.8 0.2
602 0.2 30 0
603 0.2 30 0.2
901
0 5 0 0 302 2 303 
1 5 0 0 303 2 3 
2 5 0 0 303 3 1 
3 5 0 302 304 2 305 
4 5 0 302 2 303 305 
5 5 0 2 3 303 305 
6 5 0 2 304 4 305 
7 5 0 2 305 4 5 
8 5 0 2 305 5 3 
9 5 0 304 306 4 307 
10 5 0 304 4 305 307 
11 5 0 4 5 305 307 
12 5 0 4 306 6 307 
13 5 0 4 307 6 7 
14 5 0 4 307 7 5 
15 5 0 306 308 6 309 
16 5 0 306 6 307 309 
17 5 0 6 7 307 309 
18 5 0 6 308 8 309 
19 5 0 6 309 8 9 
20 5 0 6 309 9 7 
21 5 0 308 310 8 311 
22 5 0 308 8 309 311 
23 5 0 8 9 309 311 
24 5 0 8 310 10 311 
25 5 0 8 311 10 11 
26 5 0 8 311 11 9 
27 5 0 310 312 10 313 
28 5 0 310 10 311 313 
29 5 0 10 11 311 313 
30 5 0 10 312 12 313 
31 5 0 10 313 12 13 
32 5 0 10 313 13 11 
33 5 0 312 314 12 315 
34 5 0 312 12 313 315 
35 5 0 12 13 313 315 
36 5 0 12 314 14 315 
37 5 0 12 315 14 15 
38 5 0 12 315 15 13 
39 5 0 314 316 14 317 
40 5 0 314 14 315 317 
41 5 0 14 15 315 317 
42 5 0 14 316 16 317 
43 5 0 14 317 16 17 
44 5 0 14 317 17 15 
45 5 0 316 318 16 319 
46 5 0 316 16 317 319 
47 5 0 16 17 317 319 
48 5 0 16 318 18 319 
49 5 0 16 319 18 19 
50 5 0 16 319 19 17 
51 5 0 318 320 18 321 
52 5 0 318 18 319 321 
53 5 0 18 19 319 321 
54 5 0 18 320 20 321 
55 5 0 18 321 20 21 
56 5 0 18 321 21 19 
57 5 0 320 322 20 323 
58 5 0 320 20 321 323 
59 5 0 20 21 321 323 
60 5 0 20 322 22 323 
61 5 0 20 323 22 23 
62 5 0 20 323 23 21 
63 5 0 322 324 22 325 
64 5 0 322 22 323 325 
65 5 0 22 23 323 325 
66 5 0 22 324 24 325 
67 5 0 22 325 24 25 
68 5 0 22 325 25 23 
69 5 0 324 326 24 327 
70 5 0 324 24 325 327 
71 5 0 24 25 325 327 
72 5 0 24 326 26 327 
73 5 0 24 327 26 27 
74 5 0 24 327 27 25 
75 5 0 326 328 26 329 
76 5 0 326 26 327 329 
77 5 0 26 27 327 329 
78 5 0 26 328 28 329 
79 5 0 26 329 28 29 
80 5 0 26 329 29 27 
81 5 0 328 330 28 331 
82 5 0 328 28 329 331 
83 5 0 28 29 329 331 
84 5 0 28 330 30 331 
85 5 0 28 331 30 31 
86 5 0 28 331 31 29 
87 5 0 330 332 30 333 
88 5 0 330 30 331 333 
89 5 0 30 31 331 333 
90 5 0 30 332 32 333 
91 5 0 30 333 32 33 
92 5 0 30 333 33 31 
93 5 0 332 334 32 335 
94 5 0 332 32 333 335 
95 5 0 32 33 333 335 
96 5 0 32 334 34 335 
97 5 0 32 335 34 35 
98 5 0 32 335 35 33 
99 5 0 334 336 34 337 
100 5 0 334 34 335 337 
101 5 0 34 35 335 337 
102 5 0 34 336 36 337 
103 5 0 34 337 36 37 
104 5 0 34 337 37 35 
105 5 0 336 338 36 339 
106 5 0 336 36 337 339 
107 5 0 36 37 337 339 
108 5 0 36 338 38 339 
109 5 0 36 339 38 39 
110 5 0 36 339 39 37 
111 5 0 338 340 38 341 
112 5 0 338 38 339 341 
113 5 0 38 39 339 341 
114 5 0 38 340 40 341 
115 5 0 38 341 40 41 
116 5 0 38 341 41 39 
117 5 0 340 342 40 343 
118 5 0 340 40 341 343 
119 5 0 40 41 341 343 
120 5 0 40 342 42 343 
121 5 0 40 343 42 43 
122 5 0 40 343 43 41 
123 5 0 342 344 42 345 
124 5 0 342 42 343 345 
125 5 0 42 43 343 345 
126 5 0 42 344 44 345 
127 5 0 42 345 44 45 
128 5 0 42 345 45 43 
129 5 0 344 346 44 347 
130 5 0 344 44 345 347 
131 5 0 44 45 345 347 
132 5 0 44 346 46 347 
133 5 0 44 347 46 47 
134 5 0 44 347 47 45 
135 5 0 346 348 46 349 
136 5 0 346 46 347 349 
137 5 0 46 47 347 349 
138 5 0 46 348 48 349 
139 5 0 46 349 48 49 
140 5 0 46 349 49 47 
141 5 0 348 350 48 351 
142 5 0 348 48 349 351 
143 5 0 48 49 349 351 
144 5 0 48 350 50 351 
145 5 0 48 351 50 51 
146 5 0 48 351 51 49 
147 5 0 350 352 50 353 
148 5 0 350 50 351 353 
149 5 0 50 51 351 353 
150 5 0 50 352 52 353 
151 5 0 50 353 52 53 
152 5 0 50 353 53 51 
153 5 0 352 354 52 355 
154 5 0 352 52 353 355 
155 5 0 52 53 353 355 
156 5 0 52 354 54 355 
157 5 0 52 355 54 55 
158 5 0 52 355 55 53 
159 5 0 354 356 54 357 
160 5 0 354 54 355 357 
161 5 0 54 55 355 357 
162 5 0 54 356 56 357 
163 5 0 54 357 56 57 
164 5 0 54 357 57 55 
165 5 0 356 358 56 359 
166 5 0 356 56 357 359 
167 5 0 56 57 357 359 
168 5 0 56 358 58 359 
169 5 0 56 359 58 59 
170 5 0 56 359 59 57 
171 5 0 358 360 58 361 
172 5 0 358 58 359 361 
173 5 0 58 59 359 361 
174 5 0 58 360 60 361 
175 5 0 58 361 60 61 
176 5 0 58 361 61 59 
177 5 0 360 362 60 363 
178 5 0 360 60 361 363 
179 5 0 60 61 361 363 
180 5 0 60 362 62 363 
181 5 0 60 363 62 63 
182 5 0 60 363 63 61 
183 5 0 362 364 62 365 
184 5 0 362 62 363 365 
185 5 0 62 63 363 365 
186 5 0 62 364 64 365 
187 5 0 62 365 64 65 
188 5 0 62 365 65 63 
189 5 0 364 366 64 367 
190 5 0 364 64 365 367 
191 5 0 64 65 365 367 
192 5 0 64 366 66 367 
193 5 0 64 367 66 67 
194 5 0 64 367 67 65 
195 5 0 366 368 66 369 
196 5 0 366 66 367 369 
197 5 0 66 67 367 369 
198 5 0 66 368 68 369 
199 5 0 66 369 68 69 
200 5 0 66 369 69 67 
201 5 0 368 370 68 371 
202 5 0 368 68 369 371 
203 5 0 68 69 369 371 
204 5 0 68 370 70 371 
205 5 0 68 371 70 71 
206 5 0 68 371 71 69 
207 5 0 370 372 70 373 
208 5 0 370 70 371 373 
209 5 0 70 71 371 373 
210 5 0 70 372 72 373 
211 5 0 70 373 72 73 
212 5 0 70 373 73 71 
213 5 0 372 374 72 375 
214 5 0 372 72 373 375 
215 5 0 72 73 373 375 
216 5 0 72 374 74 375 
217 5 0 72 375 74 75 
218 5 0 72 375 75 73 
219 5 0 374 376 74 377 
220 5 0 374 74 375 377 
221 5 0 74 75 375 377 
222 5 0 74 376 76 377 
223 5 0 74 377 76 77 
224 5 0 74 377 77 75 
225 5 0 376 378 76 379 
226 5 0 376 76 377 379 
227 5 0 76 77 377 379 
228 5 0 76 378 78 379 
229 5 0 76 379 78 79 
230 5 0 76 379 79 77 
231 5 0 378 380 78 381 
232 5 0 378 78 379 381 
233 5 0 78 79 379 381 
234 5 0 78 380 80 381 
235 5 0 78 381 80 81 
236 5 0 78 381 81 79 
237 5 0 380 382 80 383 
238 5 0 380 80 381 383 
239 5 0 80 81 381 383 
240 5 0 80 382 82 383 
241 5 0 80 383 82 83 
242 5 0 80 383 83 81 
243 5 0 382 384 82 385 
244 5 0 382 82 383 385 
245 5 0 82 83 383 385 
246 5 0 82 384 84 385 
247 5 0 82 385 84 85 
248 5 0 82 385 85 83 
249 5 0 384 386 84 387 
250 5 0 384 84 385 387 
251 5 0 84 85 385 387 
252 5 0 84 386 86 387 
253 5 0 84 387 86 87 
254 5 0 84 387 87 85 
255 5 0 386 388 86 389 
256 5 0 386 86 387 389 
257 5 0 86 87 387 389 
258 5 0 86 388 88 389 
259 5 0 86 389 88 89 
260 5 0 86 389 89 87 
261 5 0 388 390 88 391 
262 5 0 388 88 389 391 
263 5 0 88 89 389 391 
264 5 0 88 390 90 391 
265 5 0 88 391 90 91 
266 5 0 88 391 91 89 
267 5 0 390 392 90 393 
268 5 0 390 90 391 393 
269 5 0 90 91 391 393 
270 5 0 90 392 92 393 
271 5 0 90 393 92 93 
272 5 0 90 393 93 91 
273 5 0 392 394 92 395 
274 5 0 392 92 393 395 
275 5 0 92 93 393 395 
276 5 0 92 394 94 395 
277 5 0 92 395 94 95 
278 5 0 92 395 95 93 
279 5 0 394 396 94 397 
280 5 0 394 94 395 397 
281 5 0 94 95 395 397 
282 5 0 94 396 96 397 
283 5 0 94 397 96 97 
284 5 0 94 397 97 95 
285 5 0 396 398 96 399 
286 5 0 396 96 397 399 
287 5 0 96 97 397 399 
288 5 0 96 398 98 399 
289 5 0 96 399 98 99 
290 5 0 96 399 99 97 
291 5 0 398 400 98 401 
292 5 0 398 98 399 401 
293 5 0 98 99 399 401 
294 5 0 98 400 100 401 
295 5 0 98 401 100 101 
296 5 0 98 401 101 99 
297 5 0 400 402 100 403 
298 5 0 400 100 401 403 
299 5 0 100 101 401 403 
300 5 0 100 402 102 403 
301 5 0 100 403 102 103 
302 5 0 100 403 103 101 
303 5 0 402 404 102 405 
304 5 0 402 102 403 405 
305 5 0 102 103 403 405 
306 5 0 102 404 104 405 
307 5 0 102 405 104 105 
308 5 0 102 405 105 103 
309 5 0 404 406 104 407 
310 5 0 404 104 405 407 
311 5 0 104 105 405 407 
312 5 0 104 406 106 407 
313 5 0 104 407 106 107 
314 5 0 104 407 107 105 
315 5 0 406 408 106 409 
316 5 0 406 106 407 409 
317 5 0 106 107 407 409 
318 5 0 106 408 108 409 
319 5 0 106 409 108 109 
320 5 0 106 409 109 107 
321 5 0 408 410 108 411 
322 5 0 408 108 409 411 
323 5 0 108 109 409 411 
324 5 0 108 410 110 411 
325 5 0 108 411 110 111 
326 5 0 108 411 111 109 
327 5 0 410 412 110 413 
328 5 0 410 110 411 413 
329 5 0 110 111 411 413 
330 5 0 110 412 112 413 
331 5 0 110 413 112 113 
332 5 0 110 413 113 111 
333 5 0 412 414 112 415 
334 5 0 412 112 413 415 
335 5 0 112 113 413 415 
336 5 0 112 414 114 415 
337 5 0 112 415 114 115 
338 5 0 112 415 115 113 
339 5 0 414 416 114 417 
340 5 0 414 114 415 417 
341 5 0 114 115 415 417 
342 5 0 114 416 116 417 
343 5 0 114 417 116 117 
344 5 0 114 417 117 115 
345 5 0 416 418 116 419 
346 5 0 416 116 417 419 
347 5 0 116 117 417 419 
348 5 0 116 418 118 419 
349 5 0 116 419 118 119 
350 5 0 116 419 119 117 
351 5 0 418 420 118 421 
352 5 0 418 118 419 421 
353 5 0 118 119 419 421 
354 5 0 118 420 120 421 
355 5 0 118 421 120 121 
356 5 0 118 421 121 119 
357 5 0 420 422 120 423 
358 5 0 420 120 421 423 
359 5 0 120 121 421 423 
360 5 0 120 422 122 423 
361 5 0 120 423 122 123 
362 5 0 120 423 123 121 
363 5 0 422 424 122 425 
364 5 0 422 122 423 425 
365 5 0 122 123 423 425 
366 5 0 122 424 124 425 
367 5 0 122 425 124 125 
368 5 0 122 425 125 123 
369 5 0 424 426 124 427 
370 5 0 424 124 425 427 
371 5 0 124 125 425 427 
372 5 0 124 426 126 427 
373 5 0 124 427 126 127 
374 5 0 124 427 127 125 
375 5 0 426 428 126 429 
376 5 0 426 126 427 429 
377 5 0 126 127 427 429 
378 5 0 126 428 128 429 
379 5 0 126 429 128 129 
380 5 0 126 429 129 127 
381 5 0 428 430 128 431 
382 5 0 428 128 429 431 
383 5 0 128 129 429 431 
384 5 0 128 430 130 431 
385 5 0 128 431 130 131 
386 5 0 128 431 131 129 
387 5 0 430 432 130 433 
388 5 0 430 130 431 433 
389 5 0 130 131 431 433 
390 5 0 130 432 132 433 
391 5 0 130 433 132 133 
392 5 0 130 433 133 131 
393 5 0 432 434 132 435 
394 5 0 432 132 433 435 
395 5 0 132 133 433 435 
396 5 0 132 434 134 435 
397 5 0 132 435 134 135 
398 5 0 132 435 135 133 
399 5 0 434 436 134 437 
400 5 0 434 134 435 437 
401 5 0 134 135 435 437 
402 5 0 134 436 136 437 
403 5 0 134 437 136 137 
404 5 0 134 437 137 135 
405 5 0 436 438 136 439 
406 5 0 436 136 437 439 
407 5 0 136 137 437 439 
408 5 0 136 438 138 439 
409 5 0 136 439 138 139 
410 5 0 136 439 139 137 
411 5 0 438 440 138 441 
412 5 0 438 138 439 441 
413 5 0 138 139 439 441 
414 5 0 138 440 140 441 
415 5 0 138 441 140 141 
416 5 0 138 441 141 139 
417 5 0 440 442 140 443 
418 5 0 440 140 441 443 
419 5 0 140 141 441 443 
420 5 0 140 442 142 443 
421 5 0 140 443 142 143 
422 5 0 140 443 143 141 
423 5 0 442 444 142 445 
424 5 0 442 142 443 445 
425 5 0 142 143 443 445 
426 5 0 142 444 144 445 
427 5 0 142 445 144 145 
428 5 0 142 445 145 143 
429 5 0 444 446 144 447 
430 5 0 444 144 445 447 
431 5 0 144 145 445 447 
432 5 0 144 446 146 447 
433 5 0 144 447 146 147 
434 5 0 144 447 147 145 
435 5 0 446 448 146 449 
436 5 0 446 146 447 449 
437 5 0 146 147 447 449 
438 5 0 146 448 148 449 
439 5 0 146 449 148 149 
440 5 0 146 449 149 147 
441 5 0 448 450 148 451 
442 5 0 448 148 449 451 
443 5 0 148 149 449 451 
444 5 0 148 450 150 451 
445 5 0 148 451 150 151 
446 5 0 148 451 151 149 
447 5 0 450 452 150 453 
448 5 0 450 150 451 453 
449 5 0 150 151 451 453 
450 5 0 150 452 152 453 
451 5 0 150 453 152 153 
452 5 0 150 453 153 151 
453 5 0 452 454 152 455 
454 5 0 452 152 453 455 
455 5 0 152 153 453 455 
456 5 0 152 454 154 455 
457 5 0 152 455 154 155 
458 5 0 152 455 155 153 
459 5 0 454 456 154 457 
460 5 0 454 154 455 457 
461 5 0 154 155 455 457 
462 5 0 154 456 156 457 
463 5 0 154 457 156 157 
464 5 0 154 457 157 155 
465 5 0 456 458 156 459 
466 5 0 456 156 457 459 
467 5 0 156 157 457 459 
468 5 0 156 458 158 459 
469 5 0 156 459 158 159 
470 5 0 156 459 159 157 
471 5 0 458 460 158 461 
472 5 0 458 158 459 461 
473 5 0 158 159 459 461 
474 5 0 158 460 160 461 
475 5 0 158 461 160 161 
476 5 0 158 461 161 159 
477 5 0 460 462 160 463 
478 5 0 460 160 461 463 
479 5 0 160 161 461 463 
480 5 0 160 462 162 463 
481 5 0 160 463 162 163 
482 5 0 160 463 163 161 
483 5 0 462 464 162 465 
484 5 0 462 162 463 465 
485 5 0 162 163 463 465 
486 5 0 162 464 164 465 
487 5 0 162 465 164 165 
488 5 0 162 465 165 163 
489 5 0 464 466 164 467 
490 5 0 464 164 465 467 
491 5 0 164 165 465 467 
492 5 0 164 466 166 467 
493 5 0 164 467 166 167 
494 5 0 164 467 167 165 
495 5 0 466 468 166 469 
496 5 0 466 166 467 469 
497 5 0 166 167 467 469 
498 5 0 166 468 168 469 
499 5 0 166 469 168 169 
500 5 0 166 469 169 167 
501 5 0 468 470 168 471 
502 5 0 468 168 469 471 
503 5 0 168 169 469 471 
504 5 0 168 470 170 471 
505 5 0 168 471 170 171 
506 5 0 168 471 171 169 
507 5 0 470 472 170 473 
508 5 0 470 170 471 473 
509 5 0 170 171 471 473 
510 5 0 170 472 172 473 
511 5 0 170 473 172 173 
512 5 0 170 473 173 171 
513 5 0 472 474 172 475 
514 5 0 472 172 473 475 
515 5 0 172 173 473 475 
516 5 0 172 474 174 475 
517 5 0 172 475 174 175 
518 5 0 172 475 175 173 
519 5 0 474 476 174 477 
520 5 0 474 174 475 477 
521 5 0 174 175 475 477 
522 5 0 174 476 176 477 
523 5 0 174 477 176 177 
524 5 0 174 477 177 175 
525 5 0 476 478 176 479 
526 5 0 476 176 477 479 
527 5 0 176 177 477 479 
528 5 0 176 478 178 479 
529 5 0 176 479 178 179 
530 5 0 176 479 179 177 
531 5 0 478 480 178 481 
532 5 0 478 178 479 481 
533 5 0 178 179 479 481 
534 5 0 178 480 180 481 
535 5 0 178 481 180 181 
536 5 0 178 481 181 179 
537 5 0 480 482 180 483 
538 5 0 480 180 481 483 
539 5 0 180 181 481 483 
540 5 0 180 482 182 483 
541 5 0 180 483 182 183 
542 5 0 180 483 183 181 
543 5 0 482 484 182 485 
544 5 0 482 182 483 485 
545 5 0 182 183 483 485 
546 5 0 182 484 184 485 
547 5 0 182 485 184 185 
548 5 0 182 485 185 183 
549 5 0 484 486 184 487 
550 5 0 484 184 485 487 
551 5 0 184 185 485 487 
552 5 0 184 486 186 487 
553 5 0 184 487 186 187 
554 5 0 184 487 187 185 
555 5 0 486 488 186 489 
556 5 0 486 186 487 489 
557 5 0 186 187 487 489 
558 5 0 186 488 188 489 
559 5 0 186 489 188 189 
560 5 0 186 489 189 187 
561 5 0 488 490 188 491 
562 5 0 488 188 489 491 
563 5 0 188 189 489 491 
564 5 0 188 490 190 491 
565 5 0 188 491 190 191 
566 5 0 188 491 191 189 
567 5 0 490 492 190 493 
568 5 0 490 190 491 493 
569 5 0 190 191 491 493 
570 5 0 190 492 192 493 
571 5 0 190 493 192 193 
572 5 0 190 493 193 191 
573 5 0 492 494 192 495 
574 5 0 492 192 493 495 
575 5 0 192 193 493 495 
576 5 0 192 494 194 495 
577 5 0 192 495 194 195 
578 5 0 192 495 195 193 
579 5 0 494 496 194 497 
580 5 0 494 194 495 497 
581 5 0 194 195 495 497 
582 5 0 194 496 196 497 
583 5 0 194 497 196 197 
584 5 0 194 497 197 195 
585 5 0 496 498 196 499 
586 5 0 496 196 497 499 
587 5 0 196 197 497 499 
588 5 0 196 498 198 499 
589 5 0 196 499 198 199 
590 5 0 196 499 199 197 
591 5 0 498 500 198 501 
592 5 0 498 198 499 501 
593 5 0 198 199 499 501 
594 5 0 198 500 200 501 
595 5 0 198 501 200 201 
596 5 0 198 501 201 199 
597 5 0 500 502 200 503 
598 5 0 500 200 501 503 
599 5 0 200 201 501 503 
600 5 0 200 502 202 503 
601 5 0 200 503 202 203 
602 5 0 200 503 203 201 
603 5 0 502 504 202 505 
604 5 0 502 202 503 505 
605 5 0 202 203 503 505 
606 5 0 202 504 204 505 
607 5 0 202 505 204 205 
608 5 0 202 505 205 203 
609 5 0 504 506 204 507 
610 5 0 504 204 505 507 
611 5 0 204 205 505 507 
612 5 0 204 506 206 507 
613 5 0 204 507 206 207 
614 5 0 204 507 207 205 
615 5 0 506 508 206 509 
616 5 0 506 206 507 509 
617 5 0 206 207 507 509 
618 5 0 206 508 208 509 
619 5 0 206 509 208 209 
620 5 0 206 509 209 207 
621 5 0 508 510 208 511 
622 5 0 508 208 509 511 
623 5 0 208 209 509 511 
624 5 0 208 510 210 511 
625 5 0 208 511 210 211 
626 5 0 208 511 211 209 
627 5 0 510 512 210 513 
628 5 0 510 210 511 513 
629 5 0 210 211 511 513 
630 5 0 210 512 212 513 
631 5 0 210 513 212 213 
632 5 0 210 513 213 211 
633 5 0 512 514 212 515 
634 5 0 512 212 513 515 
635 5 0 212 213 513 515 
636 5 0 212 514 214 515 
637 5 0 212 515 214 215 
638 5 0 212 515 215 213 
639 5 0 514 516 214 517 
640 5 0 514 214 515 517 
641 5 0 214 215 515 517 
642 5 0 214 516 216 517 
643 5 0 214 517 216 217 
644 5 0 214 517 217 215 
645 5 0 516 518 216 519 
646 5 0 516 216 517 519 
647 5 0 216 217 517 519 
648 5 0 216 518 218 519 
649 5 0 216 519 218 219 
650 5 0 216 519 219 217 
651 5 0 518 520 218 521 
652 5 0 518 218 519 521 
653 5 0 218 219 519 521 
654 5 0 218 520 220 521 
655 5 0 218 521 220 221 
656 5 0 218 521 221 219 
657 5 0 520 522 220 523 
658 5 0 520 220 521 523 
659 5 0 220 221 521 523 
660 5 0 220 522 222 523 
661 5 0 220 523 222 223 
662 5 0 220 523 223 221 
663 5 0 522 524 222 525 
664 5 0 522 222 523 525 
665 5 0 222 223 523 525 
666 5 0 222 524 224 525 
667 5 0 222 525 224 225 
668 5 0 222 525 225 223 
669 5 0 524 526 224 527 
670 5 0 524 224 525 527 
671 5 0 224 225 525 527 
672 5 0 224 526 226 527 
673 5 0 224 527 226 227 
674 5 0 224 527 227 225 
675 5 0 526 528 226 529 
676 5 0 526 226 527 529 
677 5 0 226 227 527 529 
678 5 0 226 528 228 529 
679 5 0 226 529 228 229 
680 5 0 226 529 229 227 
681 5 0 528 530 228 531 
682 5 0 528 228 529 531 
683 5 0 228 229 529 531 
684 5 0 228 530 230 531 
685 5 0 228 531 230 231 
686 5 0 228 531 231 229 
687 5 0 530 532 230 533 
688 5 0 530 230 531 533 
689 5 0 230 231 531 533 
690 5 0 230 532 232 533 
691 5 0 230 533 232 233 
692 5 0 230 533 233 231 
693 5 0 532 534 232 535 
694 5 0 532 232 533 535 
695 5 0 232 233 533 535 
696 5 0 232 534 234 535 
697 5 0 232 535 234 235 
698 5 0 232 535 235 233 
699 5 0 534 536 234 537 
700 5 0 534 234 535 537 
701 5 0 234 235 535 537 
702 5 0 234 536 236 537 
703 5 0 234 537 236 237 
704 5 0 234 537 237 235 
705 5 0 536 538 236 539 
706 5 0 536 236 537 539 
707 5 0 236 237 537 539 
708 5 0 236 538 238 539 
709 5 0 236 539 238 239 
710 5 0 236 539 239 237 
711 5 0 538 540 238 541 
712 5 0 538 238 539 541 
713 5 0 238 239 539 541 
714 5 0 238 540 240 541 
715 5 0 238 541 240 241 
716 5 0 238 541 241 239 
717 5 0 540 542 240 543 
718 5 0 540 240 541 543 
719 5 0 240 241 541 543 
720 5 0 240 542 242 543 
721 5 0 240 543 242 243 
722 5 0 240 543 243 241 
723 5 0 542 544 242 545 
724 5 0 542 242 543 545 
725 5 0 242 243 543 545 
726 5 0 242 544 244 545 
727 5 0 242 545 244 245 
728 5 0 242 545 245 243 
729 5 0 544 546 244 547 
730 5 0 544 244 545 547 
731 5 0 244 245 545 547 
732 5 0 244 546 246 547 
733 5 0 244 547 246 247 
734 5 0 244 547 247 245 
735 5 0 546 548 246 549 
736 5 0 546 246 547 549 
737 5 0 246 247 547 549 
738 5 0 246 548 248 549 
739 5 0 246 549 248 249 
740 5 0 246 549 249 247 
741 5 0 548 550 248 551 
742 5 0 548 248 549 551 
743 5 0 248 249 549 551 
744 5 0 248 550 250 551 
745 5 0 248 551 250 251 
746 5 0 248 551 251 249 
747 5 0 550 552 250 553 
748 5 0 550 250 551 553 
749 5 0 250 251 551 553 
750 5 0 250 552 252 553 
751 5 0 250 553 252 253 
752 5 0 250 553 253 251 
753 5 0 552 554 252 555 
754 5 0 552 252 553 555 
755 5 0 252 253 553 555 
756 5 0 252 554 254 555 
757 5 0 252 555 254 255 
758 5 0 252 555 255 253 
759 5 0 554 556 254 557 
760 5 0 554 254 555 557 
761 5 0 254 255 555 557 
762 5 0 254 556 256 557 
763 5 0 254 557 256 257 
764 5 0 254 557 257 255 
765 5 0 556 558 256 559 
766 5 0 556 256 557 559 
767 5 0 256 257 557 559 
768 5 0 256 558 258 559 
769 5 0 256 559 258 259 
770 5 0 256 559 259 257 
771 5 0 558 560 258 561 
772 5 0 558 258 559 561 
773 5 0 258 259 559 561 
774 5 0 258 560 260 561 
775 5 0 258 561 260 261 
776 5 0 258 561 261 259 
777 5 0 560 562 260 563 
778 5 0 560 260 561 563 
779 5 0 260 261 561 563 
780 5 0 260 562 262 563 
781 5 0 260 563 262 263 
782 5 0 260 563 263 261 
783 5 0 562 564 262 565 
784 5 0 562 262 563 565 
785 5 0 262 263 563 565 
786 5 0 262 564 264 565 
787 5 0 262 565 264 265 
788 5 0 262 565 265 263 
789 5 0 564 566 264 567 
790 5 0 564 264 565 567 
791 5 0 264 265 565 567 
792 5 0 264 566 266 567 
793 5 0 264 567 266 267 
794 5 0 264 567 267 265 
795 5 0 566 568 266 569 
796 5 0 566 266 567 569 
797 5 0 266 267 567 569 
798 5 0 266 568 268 569 
799 5 0 266 569 268 269 
800 5 0 266 569 269 267 
801 5 0 568 570 268 571 
802 5 0 568 268 569 571 
803 5 0 268 269 569 571 
804 5 0 268 570 270 571 
805 5 0 268 571 270 271 
806 5 0 268 571 271 269 
807 5 0 570 572 270 573 
808 5 0 570 270 571 573 
809 5 0 270 271 571 573 
810 5 0 270 572 272 573 
811 5 0 270 573 272 273 
812 5 0 270 573 273 271 
813 5 0 572 574 272 575 
814 5 0 572 272 573 575 
815 5 0 272 273 573 575 
816 5 0 272 574 274 575 
817 5 0 272 575 274 275 
818 5 0 272 575 275 273 
819 5 0 574 576 274 577 
820 5 0 574 274 575 577 
821 5 0 274 275 575 577 
822 5 0 274 576 276 577 
823 5 0 274 577 276 277 
824 5 0 274 577 277 275 
825 5 0 576 578 276 579 
826 5 0 576 276 577 579 
827 5 0 276 277 577 579 
828 5 0 276 578 278 579 
829 5 0 276 579 278 279 
830 5 0 276 579 279 277 
831 5 0 578 580 278 581 
832 5 0 578 278 579 581 
833 5 0 278 279 579 581 
834 5 0 278 580 280 581 
835 5 0 278 581 280 281 
836 5 0 278 581 281 279 
837 5 0 580 582 280 583 
838 5 0 580 280 581 583 
839 5 0 280 281 581 583 
840 5 0 280 582 282 583 
841 5 0 280 583 282 283 
842 5 0 280 583 283 281 
843 5 0 582 584 282 585 
844 5 0 582 282 583 585 
845 5 0 282 283 583 585 
846 5 0 282 584 284 585 
847 5 0 282 585 284 285 
848 5 0 282 585 285 283 
849 5 0 584 586 284 587 
850 5 0 584 284 585 587 
851 5 0 284 285 585 587 
852 5 0 284 586 286 587 
853 5 0 284 587 286 287 
854 5 0 284 587 287 285 
855 5 0 586 588 286 589 
856 5 0 586 286 587 589 
857 5 0 286 287 587 589 
858 5 0 286 588 288 589 
859 5 0 286 589 288 289 
860 5 0 286 589 289 287 
861 5 0 588 590 288 591 
862 5 0 588 288 589 591 
863 5 0 288 289 589 591 
864 5 0 288 590 290 591 
865 5 0 288 591 290 291 
866 5 0 288 591 291 289 
867 5 0 590 592 290 593 
868 5 0 590 290 591 593 
869 5 0 290 291 591 593 
870 5 0 290 592 292 593 
871 5 0 290 593 292 293 
872 5 0 290 593 293 291 
873 5 0 592 594 292 595 
874 5 0 592 292 593 595 
875 5 0 292 293 593 595 
876 5 0 292 594 294 595 
877 5 0 292 595 294 295 
878 5 0 292 595 295 293 
879 5 0 594 596 294 597 
880 5 0 594 294 595 597 
881 5 0 294 295 595 597 
882 5 0 294 596 296 597 
883 5 0 294 597 296 297 
884 5 0 294 597 297 295 
885 5 0 596 598 296 599 
886 5 0 596 296 597 599 
887 5 0 296 297 597 599 
888 5 0 296 598 298 599 
889 5 0 296 599 298 299 
890 5 0 296 599 299 297 
891 5 0 598 600 298 601 
892 5 0 598 298 599 601 
893 5 0 298 299 599 601 
894 5 0 298 600 300 601 
895 5 0 298 601 300 301 
896 5 0 298 601 301 299 
897 5 0 600 602 300 603 
898 5 0 600 300 601 603 
899 5 0 300 301 601 603 
900 6 0 
4 1 900 900 
5 900 2 0 
900 900 900 1 
6 4 900 900 
5 900 3 0 
900 4 8 1 
10 7 3 900 
11 900 8 6 
900 900 5 7 
12 10 900 900 
11 900 9 6 
900 10 14 7 
16 13 9 900 
17 900 14 12 
900 900 11 13 
18 16 900 900 
17 900 15 12 
900 16 20 13 
22 19 15 900 
23 900 20 18 
900 900 17 19 
24 22 900 900 
23 900 21 18 
900 22 26 19 
28 25 21 900 
29 900 26 24 
900 900 23 25 
30 28 900 900 
29 900 27 24 
900 28 32 25 
34 31 27 900 
35 900 32 30 
900 900 29 31 
36 34 900 900 
35 900 33 30 
900 34 38 31 
40 37 33 900 
41 900 38 36 
900 900 35 37 
42 40 900 900 
41 900 39 36 
900 40 44 37 
46 43 39 900 
47 900 44 42 
900 900 41 43 
48 46 900 900 
47 900 45 42 
900 46 50 43 
52 49 45 900 
53 900 50 48 
900 900 47 49 
54 52 900 900 
53 900 51 48 
900 52 56 49 
58 55 51 900 
59 900 56 54 
900 900 53 55 
60 58 900 900 
59 900 57 54 
900 58 62 55 
64 61 57 900 
65 900 62 60 
900 900 59 61 
66 64 900 900 
65 900 63 60 
900 64 68 61 
70 67 63 900 
71 900 68 66 
900 900 65 67 
72 70 900 900 
71 900 69 66 
900 70 74 67 
76 73 69 900 
77 900 74 72 
900 900 71 73 
78 76 900 900 
77 900 75 72 
900 76 80 73 
82 79 75 900 
83 900 80 78 
900 900 77 79 
84 82 900 900 
83 900 81 78 
900 82 86 79 
88 85 81 900 
89 900 86 84 
900 900 83 85 
90 88 900 900 
89 900 87 84 
900 88 92 85 
94 91 87 900 
95 900 92 90 
900 900 89 91 
96 94 900 900 
95 900 93 90 
900 94 98 91 
100 97 93 900 
101 900 98 96 
900 900 95 97 
102 100 900 900 
101 900 99 96 
900 100 104 97 
106 103 99 900 
107 900 104 102 
900 900 101 103 
108 106 900 900 
107 900 105 102 
900 106 110 103 
112 109 105 900 
113 900 110 108 
900 900 107 109 
114 112 900 900 
113 900 111 108 
900 112 116 109 
118 115 111 900 
119 900 116 114 
900 900 113 115 
120 118 900 900 
119 900 117 114 
900 118 122 115 
124 121 117 900 
125 900 122 120 
900 900 119 121 
126 124 900 900 
125 900 123 120 
900 124 128 121 
130 127 123 900 
131 900 128 126 
900 900 125 127 
132 130 900 900 
131 900 129 126 
900 130 134 127 
136 133 129 900 
137 900 134 132 
900 900 131 133 
138 136 900 900 
137 900 135 132 
900 136 140 133 
142 139 135 900 
143 900 140 138 
900 900 137 139 
144 142 900 900 
143 900 141 138 
900 142 146 139 
148 145 141 900 
149 900 146 144 
900 900 143 145 
150 148 900 900 
149 900 147 144 
900 148 152 145 
154 151 147 900 
155 900 152 150 
900 900 149 151 
156 154 900 900 
155 900 153 150 
900 154 158 151 
160 157 153 900 
161 900 158 156 
900 900 155 157 
162 160 900 900 
161 900 159 156 
900 160 164 157 
166 163 159 900 
167 900 164 162 
900 900 161 163 
168 166 900 900 
167 900 165 162 
900 166 170 163 
172 169 165 900 
173 900 170 168 
900 900 167 169 
174 172 900 900 
173 900 171 168 
900 172 176 169 
178 175 171 900 
179 900 176 174 
900 900 173 175 
180 178 900 900 
179 900 177 174 
900 178 182 175 
184 181 177 900 
185 900 182 180 
900 900 179 181 
186 184 900 900 
185 900 183 180 
900 184 188 181 
190 187 183 900 
191 900 188 186 
900 900 185 187 
192 190 900 900 
191 900 189 186 
900 190 194 187 
196 193 189 900 
197 900 194 192 
900 900 191 193 
198 196 900 900 
197 900 195 192 
900 196 200 193 
202 199 195 900 
203 900 200 198 
900 900 197 199 
204 202 900 900 
203 900 201 198 
900 202 206 199 
208 205 201 900 
209 900 206 204 
900 900 203 205 
210 208 900 900 
209 900 207 204 
900 208 212 205 
214 211 207 900 
215 900 212 210 
900 900 209 211 
216 214 900 900 
215 900 213 210 
900 214 218 211 
220 217 213 900 
221 900 218 216 
900 900 215 217 
222 220 900 900 
221 900 219 216 
900 220 224 217 
226 223 219 900 
227 900 224 222 
900 900 221 223 
228 226 900 900 
227 900 225 222 
900 226 230 223 
232 229 225 900 
233 900 230 228 
900 900 227 229 
234 232 900 900 
233 900 231 228 
900 232 236 229 
238 235 231 900 
239 900 236 234 
900 900 233 235 
240 238 900 900 
239 900 237 234 
900 238 242 235 
244 241 237 900 
245 900 242 240 
900 900 239 241 
246 244 900 900 
245 900 243 240 
900 244 248 241 
250 247 243 900 
251 900 248 246 
900 900 245 247 
252 250 900 900 
251 900 249 246 
900 250 254 247 
256 253 249 900 
257 900 254 252 
900 900 251 253 
258 256 900 900 
257 900 255 252 
900 256 260 253 
262 259 255 900 
263 900 260 258 
900 900 257 259 
264 262 900 900 
263 900 261 258 
900 262 266 259 
268 265 261 900 
269 900 266 264 
900 900 263 265 
270 268 900 900 
269 900 267 264 
900 268 272 265 
274 271 267 900 
275 900 272 270 
900 900 269 271 
276 274 900 900 
275 900 273 270 
900 274 278 271 
280 277 273 900 
281 900 278 276 
900 900 275 277 
282 280 900 900 
281 900 279 276 
900 280 284 277 
286 283 279 900 
287 900 284 282 
900 900 281 283 
288 286 900 900 
287 900 285 282 
900 286 290 283 
292 289 285 900 
293 900 290 288 
900 900 287 289 
294 292 900 900 
293 900 291 288 
900 292 296 289 
298 295 291 900 
299 900 296 294 
900 900 293 295 
300 298 900 900 
299 900 297 294 
900 298 302 295 
304 301 297 900 
305 900 302 300 
900 900 299 301 
306 304 900 900 
305 900 303 300 
900 304 308 301 
310 307 303 900 
311 900 308 306 
900 900 305 307 
312 310 900 900 
311 900 309 306 
900 310 314 307 
316 313 309 900 
317 900 314 312 
900 900 311 313 
318 316 900 900 
317 900 315 312 
900 316 320 313 
322 319 315 900 
323 900 320 318 
900 900 317 319 
324 322 900 900 
323 900 321 318 
900 322 326 319 
328 325 321 900 
329 900 326 324 
900 900 323 325 
330 328 900 900 
329 900 327 324 
900 328 332 325 
334 331 327 900 
335 900 332 330 
900 900 329 331 
336 334 900 900 
335 900 333 330 
900 334 338 331 
340 337 333 900 
341 900 338 336 
900 900 335 337 
342 340 900 900 
341 900 339 336 
900 340 344 337 
346 343 339 900 
347 900 344 342 
900 900 341 343 
348 346 900 900 
347 900 345 342 
900 346 350 343 
352 349 345 900 
353 900 350 348 
900 900 347 349 
354 352 900 900 
353 900 351 348 
900 352 356 349 
358 355 351 900 
359 900 356 354 
900 900 353 355 
360 358 900 900 
359 900 357 354 
900 358 362 355 
364 361 357 900 
365 900 362 360 
900 900 359 361 
366 364 900 900 
365 900 363 360 
900 364 368 361 
370 367 363 900 
371 900 368 366 
900 900 365 367 
372 370 900 900 
371 900 369 366 
900 370 374 367 
376 373 369 900 
377 900 374 372 
900 900 371 373 
378 376 900 900 
377 900 375 372 
900 376 380 373 
382 379 375 900 
383 900 380 378 
900 900 377 379 
384 382 900 900 
383 900 381 378 
900 382 386 379 
388 385 381 900 
389 900 386 384 
900 900 383 385 
390 388 900 900 
389 900 387 384 
900 388 392 385 
394 391 387 900 
395 900 392 390 
900 900 389 391 
396 394 900 900 
395 900 393 390 
900 394 398 391 
400 397 393 900 
401 900 398 396 
900 900 395 397 
402 400 900 900 
401 900 399 396 
900 400 404 397 
406 403 399 900 
407 900 404 402 
900 900 401 403 
408 406 900 900 
407 900 405 402 
900 406 410 403 
412 409 405 900 
413 900 410 408 
900 900 407 409 
414 412 900 900 
413 900 411 408 
900 412 416 409 
418 415 411 900 
419 900 416 414 
900 900 413 415 
420 418 900 900 
419 900 417 414 
900 418 422 415 
424 421 417 900 
425 900 422 420 
900 900 419 421 
426 424 900 900 
425 900 423 420 
900 424 428 421 
430 427 423 900 
431 900 428 426 
900 900 425 427 
432 430 900 900 
431 900 429 426 
900 430 434 427 
436 433 429 900 
437 900 434 432 
900 900 431 433 
438 436 900 900 
437 900 435 432 
900 436 440 433 
442 439 435 900 
443 900 440 438 
900 900 437 439 
444 442 900 900 
443 900 441 438 
900 442 446 439 
448 445 441 900 
449 900 446 444 
900 900 443 445 
450 448 900 900 
449 900 447 444 
900 448 452 445 
454 451 447 900 
455 900 452 450 
900 900 449 451 
456 454 900 900 
455 900 453 450 
900 454 458 451 
460 457 453 900 
461 900 458 456 
900 900 455 457 
462 460 900 900 
461 900 459 456 
900 460 464 457 
466 463 459 900 
467 900 464 462 
900 900 461 463 
468 466 900 900 
467 900 465 462 
900 466 470 463 
472 469 465 900 
473 900 470 468 
900 900 467 469 
474 472 900 900 
473 900 471 468 
900 472 476 469 
478 475 471 900 
479 900 476 474 
900 900 473 475 
480 478 900 900 
479 900 477 474 
900 478 482 475 
484 481 477 900 
485 900 482 480 
900 900 479 481 
486 484 900 900 
485 900 483 480 
900 484 488 481 
490 487 483 900 
491 900 488 486 
900 900 485 487 
492 490 900 900 
491 900 489 486 
900 490 494 487 
496 493 489 900 
497 900 494 492 
900 900 491 493 
498 496 900 900 
497 900 495 492 
900 496 500 493 
502 499 495 900 
503 900 500 498 
900 900 497 499 
504 502 900 900 
503 900 501 498 
900 502 506 499 
508 505 501 900 
509 900 506 504 
900 900 503 505 
510 508 900 900 
509 900 507 504 
900 508 512 505 
514 511 507 900 
515 900 512 510 
900 900 509 511 
516 514 900 900 
515 900 513 510 
900 514 518 511 
520 517 513 900 
521 900 518 516 
900 900 515 517 
522 520 900 900 
521 900 519 516 
900 520 524 517 
526 523 519 900 
527 900 524 522 
900 900 521 523 
528 526 900 900 
527 900 525 522 
900 526 530 523 
532 529 525 900 
533 900 530 528 
900 900 527 529 
534 532 900 900 
533 900 531 528 
900 532 536 529 
538 535 531 900 
539 900 536 534 
900 900 533 535 
540 538 900 900 
539 900 537 534 
900 538 542 535 
544 541 537 900 
545 900 542 540 
900 900 539 541 
546 544 900 900 
545 900 543 540 
900 544 548 541 
550 547 543 900 
551 900 548 546 
900 900 545 547 
552 550 900 900 
551 900 549 546 
900 550 554 547 
556 553 549 900 
557 900 554 552 
900 900 551 553 
558 556 900 900 
557 900 555 552 
900 556 560 553 
562 559 555 900 
563 900 560 558 
900 900 557 559 
564 562 900 900 
563 900 561 558 
900 562 566 559 
568 565 561 900 
569 900 566 564 
900 900 563 565 
570 568 900 900 
569 900 567 564 
900 568 572 565 
574 571 567 900 
575 900 572 570 
900 900 569 571 
576 574 900 900 
575 900 573 570 
900 574 578 571 
580 577 573 900 
581 900 578 576 
900 900 575 577 
582 580 900 900 
581 900 579 576 
900 580 584 577 
586 583 579 900 
587 900 584 582 
900 900 581 583 
588 586 900 900 
587 900 585 582 
900 586 590 583 
592 589 585 900 
593 900 590 588 
900 900 587 589 
594 592 900 900 
593 900 591 588 
900 592 596 589 
598 595 591 900 
599 900 596 594 
900 900 593 595 
600 598 900 900 
599 900 597 594 
900 598 602 595 
604 601 597 900 
605 900 602 600 
900 900 599 601 
606 604 900 900 
605 900 603 600 
900 604 608 601 
610 607 603 900 
611 900 608 606 
900 900 605 607 
612 610 900 900 
611 900 609 606 
900 610 614 607 
616 613 609 900 
617 900 614 612 
900 900 611 613 
618 616 900 900 
617 900 615 612 
900 616 620 613 
622 619 615 900 
623 900 620 618 
900 900 617 619 
624 622 900 900 
623 900 621 618 
900 622 626 619 
628 625 621 900 
629 900 626 624 
900 900 623 625 
630 628 900 900 
629 900 627 624 
900 628 632 625 
634 631 627 900 
635 900 632 630 
900 900 629 631 
636 634 900 900 
635 900 633 630 
900 634 638 631 
640 637 633 900 
641 900 638 636 
900 900 635 637 
642 640 900 900 
641 900 639 636 
900 640 644 637 
646 643 639 900 
647 900 644 642 
900 900 641 643 
648 646 900 900 
647 900 645 642 
900 646 650 643 
652 649 645 900 
653 900 650 648 
900 900 647 649 
654 652 900 900 
653 900 651 648 
900 652 656 649 
658 655 651 900 
659 900 656 654 
900 900 653 655 
660 658 900 900 
659 900 657 654 
900 658 662 655 
664 661 657 900 
665 900 662 660 
900 900 659 661 
666 664 900 900 
665 900 663 660 
900 664 668 661 
670 667 663 900 
671 900 668 666 
900 900 665 667 
672 670 900 900 
671 900 669 666 
900 670 674 667 
676 673 669 900 
677 900 674 672 
900 900 671 673 
678 676 900 900 
677 900 675 672 
900 676 680 673 
682 679 675 900 
683 900 680 678 
900 900 677 679 
684 682 900 900 
683 900 681 678 
900 682 686 679 
688 685 681 900 
689 900 686 684 
900 900 683 685 
690 688 900 900 
689 900 687 684 
900 688 692 685 
694 691 687 900 
695 900 692 690 
900 900 689 691 
696 694 900 900 
695 900 693 690 
900 694 698 691 
700 697 693 900 
701 900 698 696 
900 900 695 697 
702 700 900 900 
701 900 699 696 
900 700 704 697 
706 703 699 900 
707 900 704 702 
900 900 701 703 
708 706 900 900 
707 900 705 702 
900 706 710 703 
712 709 705 900 
713 900 710 708 
900 900 707 709 
714 712 900 900 
713 900 711 708 
900 712 716 709 
718 715 711 900 
719 900 716 714 
900 900 713 715 
720 718 900 900 
719 900 717 714 
900 718 722 715 
724 721 717 900 
725 900 722 720 
900 900 719 721 
726 724 900 900 
725 900 723 720 
900 724 728 721 
730 727 723 900 
731 900 728 726 
900 900 725 727 
732 730 900 900 
731 900 729 726 
900 730 734 727 
736 733 729 900 
737 900 734 732 
900 900 731 733 
738 736 900 900 
737 900 735 732 
900 736 740 733 
742 739 735 900 
743 900 740 738 
900 900 737 739 
744 742 900 900 
743 900 741 738 
900 742 746 739 
748 745 741 900 
749 900 746 744 
900 900 743 745 
750 748 900 900 
749 900 747 744 
900 748 752 745 
754 751 747 900 
755 900 752 750 
900 900 749 751 
756 754 900 900 
755 900 753 750 
900 754 758 751 
760 757 753 900 
761 900 758 756 
900 900 755 757 
762 760 900 900 
761 900 759 756 
900 760 764 757 
766 763 759 900 
767 900 764 762 
900 900 761 763 
768 766 900 900 
767 900 765 762 
900 766 770 763 
772 769 765 900 
773 900 770 768 
900 900 767 769 
774 772 900 900 
773 900 771 768 
900 772 776 769 
778 775 771 900 
779 900 776 774 
900 900 773 775 
780 778 900 900 
779 900 777 774 
900 778 782 775 
784 781 777 900 
785 900 782 780 
900 900 779 781 
786 784 900 900 
785 900 783 780 
900 784 788 781 
790 787 783 900 
791 900 788 786 
900 900 785 787 
792 790 900 900 
791 900 789 786 
900 790 794 787 
796 793 789 900 
797 900 794 792 
900 900 791 793 
798 796 900 900 
797 900 795 792 
900 796 800 793 
802 799 795 900 
803 900 800 798 
900 900 797 799 
804 802 900 900 
803 900 801 798 
900 802 806 799 
808 805 801 900 
809 900 806 804 
900 900 803 805 
810 808 900 900 
809 900 807 804 
900 808 812 805 
814 811 807 900 
815 900 812 810 
900 900 809 811 
816 814 900 900 
815 900 813 810 
900 814 818 811 
820 817 813 900 
821 900 818 816 
900 900 815 817 
822 820 900 900 
821 900 819 816 
900 820 824 817 
826 823 819 900 
827 900 824 822 
900 900 821 823 
828 826 900 900 
827 900 825 822 
900 826 830 823 
832 829 825 900 
833 900 830 828 
900 900 827 829 
834 832 900 900 
833 900 831 828 
900 832 836 829 
838 835 831 900 
839 900 836 834 
900 900 833 835 
840 838 900 900 
839 900 837 834 
900 838 842 835 
844 841 837 900 
845 900 842 840 
900 900 839 841 
846 844 900 900 
845 900 843 840 
900 844 848 841 
850 847 843 900 
851 900 848 846 
900 900 845 847 
852 850 900 900 
851 900 849 846 
900 850 854 847 
856 853 849 900 
857 900 854 852 
900 900 851 853 
858 856 900 900 
857 900 855 852 
900 856 860 853 
862 859 855 900 
863 900 860 858 
900 900 857 859 
864 862 900 900 
863 900 861 858 
900 862 866 859 
868 865 861 900 
869 900 866 864 
900 900 863 865 
870 868 900 900 
869 900 867 864 
900 868 872 865 
874 871 867 900 
875 900 872 870 
900 900 869 871 
876 874 900 900 
875 900 873 870 
900 874 878 871 
880 877 873 900 
881 900 878 876 
900 900 875 877 
882 880 900 900 
881 900 879 876 
900 880 884 877 
886 883 879 900 
887 900 884 882 
900 900 881 883 
888 886 900 900 
887 900 885 882 
900 886 890 883 
892 889 885 900 
893 900 890 888 
900 900 887 889 
894 892 900 900 
893 900 891 888 
900 892 896 889 
898 895 891 900 
899 900 896 894 
900 900 893 895 
900 898 900 900 
899 900 897 894 
900 898 900 895 

