71
0 0 0 0
1 0.428571 0 0
2 0.857143 0 0
3 1.28571 0 0
4 1.71429 0 0
5 2.14286 0 0
6 2.57143 0 0
7 3 0 0
8 3.42857 0 0
9 3.85714 0 0
10 4.28571 0 0
11 4.71429 0 0
12 5.14286 0 0
13 5.57143 0 0
14 6 0 0
15 6.42857 0 0
16 6.85714 0 0
17 7.28571 0 0
18 7.71429 0 0
19 8.14286 0 0
20 8.57143 0 0
21 9 0 0
22 9.42857 0 0
23 9.85714 0 0
24 10.2857 0 0
25 10.7143 0 0
26 11.1429 0 0
27 11.5714 0 0
28 12 0 0
29 12.4286 0 0
30 12.8571 0 0
31 13.2857 0 0
32 13.7143 0 0
33 14.1429 0 0
34 14.5714 0 0
35 15 0 0
36 15.4286 0 0
37 15.8571 0 0
38 16.2857 0 0
39 16.7143 0 0
40 17.1429 0 0
41 17.5714 0 0
42 18 0 0
43 18.4286 0 0
44 18.8571 0 0
45 19.2857 0 0
46 19.7143 0 0
47 20.1429 0 0
48 20.5714 0 0
49 21 0 0
50 21.4286 0 0
51 21.8571 0 0
52 22.2857 0 0
53 22.7143 0 0
54 23.1429 0 0
55 23.5714 0 0
56 24 0 0
57 24.4286 0 0
58 24.8571 0 0
59 25.2857 0 0
60 25.7143 0 0
61 26.1429 0 0
62 26.5714 0 0
63 27 0 0
64 27.4286 0 0
65 27.8571 0 0
66 28.2857 0 0
67 28.7143 0 0
68 29.1429 0 0
69 29.5714 0 0
70 30 0 0
71
0 3 0 0 1 
1 3 0 1 2 
2 3 0 2 3 
3 3 0 3 4 
4 3 0 4 5 
5 3 0 5 6 
6 3 0 6 7 
7 3 0 7 8 
8 3 0 8 9 
9 3 0 9 10 
10 3 0 10 11 
11 3 0 11 12 
12 3 0 12 13 
13 3 0 13 14 
14 3 0 14 15 
15 3 0 15 16 
16 3 0 16 17 
17 3 0 17 18 
18 3 0 18 19 
19 3 0 19 20 
20 3 0 20 21 
21 3 0 21 22 
22 3 0 22 23 
23 3 0 23 24 
24 3 0 24 25 
25 3 0 25 26 
26 3 0 26 27 
27 3 0 27 28 
28 3 0 28 29 
29 3 0 29 30 
30 3 0 30 31 
31 3 0 31 32 
32 3 0 32 33 
33 3 0 33 34 
34 3 0 34 35 
35 3 0 35 36 
36 3 0 36 37 
37 3 0 37 38 
38 3 0 38 39 
39 3 0 39 40 
40 3 0 40 41 
41 3 0 41 42 
42 3 0 42 43 
43 3 0 43 44 
44 3 0 44 45 
45 3 0 45 46 
46 3 0 46 47 
47 3 0 47 48 
48 3 0 48 49 
49 3 0 49 50 
50 3 0 50 51 
51 3 0 51 52 
52 3 0 52 53 
53 3 0 53 54 
54 3 0 54 55 
55 3 0 55 56 
56 3 0 56 57 
57 3 0 57 58 
58 3 0 58 59 
59 3 0 59 60 
60 3 0 60 61 
61 3 0 61 62 
62 3 0 62 63 
63 3 0 63 64 
64 3 0 64 65 
65 3 0 65 66 
66 3 0 66 67 
67 3 0 67 68 
68 3 0 68 69 
69 3 0 69 70 
70 6 0 
1 70 
2 0 
3 1 
4 2 
5 3 
6 4 
7 5 
8 6 
9 7 
10 8 
11 9 
12 10 
13 11 
14 12 
15 13 
16 14 
17 15 
18 16 
19 17 
20 18 
21 19 
22 20 
23 21 
24 22 
25 23 
26 24 
27 25 
28 26 
29 27 
30 28 
31 29 
32 30 
33 31 
34 32 
35 33 
36 34 
37 35 
38 36 
39 37 
40 38 
41 39 
42 40 
43 41 
44 42 
45 43 
46 44 
47 45 
48 46 
49 47 
50 48 
51 49 
52 50 
53 51 
54 52 
55 53 
56 54 
57 55 
58 56 
59 57 
60 58 
61 59 
62 60 
63 61 
64 62 
65 63 
66 64 
67 65 
68 66 
69 67 
70 68 

