241
0 0 0 0
1 0.125 0 0
2 0.25 0 0
3 0.375 0 0
4 0.5 0 0
5 0.625 0 0
6 0.75 0 0
7 0.875 0 0
8 1 0 0
9 1.125 0 0
10 1.25 0 0
11 1.375 0 0
12 1.5 0 0
13 1.625 0 0
14 1.75 0 0
15 1.875 0 0
16 2 0 0
17 2.125 0 0
18 2.25 0 0
19 2.375 0 0
20 2.5 0 0
21 2.625 0 0
22 2.75 0 0
23 2.875 0 0
24 3 0 0
25 3.125 0 0
26 3.25 0 0
27 3.375 0 0
28 3.5 0 0
29 3.625 0 0
30 3.75 0 0
31 3.875 0 0
32 4 0 0
33 4.125 0 0
34 4.25 0 0
35 4.375 0 0
36 4.5 0 0
37 4.625 0 0
38 4.75 0 0
39 4.875 0 0
40 5 0 0
41 5.125 0 0
42 5.25 0 0
43 5.375 0 0
44 5.5 0 0
45 5.625 0 0
46 5.75 0 0
47 5.875 0 0
48 6 0 0
49 6.125 0 0
50 6.25 0 0
51 6.375 0 0
52 6.5 0 0
53 6.625 0 0
54 6.75 0 0
55 6.875 0 0
56 7 0 0
57 7.125 0 0
58 7.25 0 0
59 7.375 0 0
60 7.5 0 0
61 7.625 0 0
62 7.75 0 0
63 7.875 0 0
64 8 0 0
65 8.125 0 0
66 8.25 0 0
67 8.375 0 0
68 8.5 0 0
69 8.625 0 0
70 8.75 0 0
71 8.875 0 0
72 9 0 0
73 9.125 0 0
74 9.25 0 0
75 9.375 0 0
76 9.5 0 0
77 9.625 0 0
78 9.75 0 0
79 9.875 0 0
80 10 0 0
81 10.125 0 0
82 10.25 0 0
83 10.375 0 0
84 10.5 0 0
85 10.625 0 0
86 10.75 0 0
87 10.875 0 0
88 11 0 0
89 11.125 0 0
90 11.25 0 0
91 11.375 0 0
92 11.5 0 0
93 11.625 0 0
94 11.75 0 0
95 11.875 0 0
96 12 0 0
97 12.125 0 0
98 12.25 0 0
99 12.375 0 0
100 12.5 0 0
101 12.625 0 0
102 12.75 0 0
103 12.875 0 0
104 13 0 0
105 13.125 0 0
106 13.25 0 0
107 13.375 0 0
108 13.5 0 0
109 13.625 0 0
110 13.75 0 0
111 13.875 0 0
112 14 0 0
113 14.125 0 0
114 14.25 0 0
115 14.375 0 0
116 14.5 0 0
117 14.625 0 0
118 14.75 0 0
119 14.875 0 0
120 15 0 0
121 15.125 0 0
122 15.25 0 0
123 15.375 0 0
124 15.5 0 0
125 15.625 0 0
126 15.75 0 0
127 15.875 0 0
128 16 0 0
129 16.125 0 0
130 16.25 0 0
131 16.375 0 0
132 16.5 0 0
133 16.625 0 0
134 16.75 0 0
135 16.875 0 0
136 17 0 0
137 17.125 0 0
138 17.25 0 0
139 17.375 0 0
140 17.5 0 0
141 17.625 0 0
142 17.75 0 0
143 17.875 0 0
144 18 0 0
145 18.125 0 0
146 18.25 0 0
147 18.375 0 0
148 18.5 0 0
149 18.625 0 0
150 18.75 0 0
151 18.875 0 0
152 19 0 0
153 19.125 0 0
154 19.25 0 0
155 19.375 0 0
156 19.5 0 0
157 19.625 0 0
158 19.75 0 0
159 19.875 0 0
160 20 0 0
161 20.125 0 0
162 20.25 0 0
163 20.375 0 0
164 20.5 0 0
165 20.625 0 0
166 20.75 0 0
167 20.875 0 0
168 21 0 0
169 21.125 0 0
170 21.25 0 0
171 21.375 0 0
172 21.5 0 0
173 21.625 0 0
174 21.75 0 0
175 21.875 0 0
176 22 0 0
177 22.125 0 0
178 22.25 0 0
179 22.375 0 0
180 22.5 0 0
181 22.625 0 0
182 22.75 0 0
183 22.875 0 0
184 23 0 0
185 23.125 0 0
186 23.25 0 0
187 23.375 0 0
188 23.5 0 0
189 23.625 0 0
190 23.75 0 0
191 23.875 0 0
192 24 0 0
193 24.125 0 0
194 24.25 0 0
195 24.375 0 0
196 24.5 0 0
197 24.625 0 0
198 24.75 0 0
199 24.875 0 0
200 25 0 0
201 25.125 0 0
202 25.25 0 0
203 25.375 0 0
204 25.5 0 0
205 25.625 0 0
206 25.75 0 0
207 25.875 0 0
208 26 0 0
209 26.125 0 0
210 26.25 0 0
211 26.375 0 0
212 26.5 0 0
213 26.625 0 0
214 26.75 0 0
215 26.875 0 0
216 27 0 0
217 27.125 0 0
218 27.25 0 0
219 27.375 0 0
220 27.5 0 0
221 27.625 0 0
222 27.75 0 0
223 27.875 0 0
224 28 0 0
225 28.125 0 0
226 28.25 0 0
227 28.375 0 0
228 28.5 0 0
229 28.625 0 0
230 28.75 0 0
231 28.875 0 0
232 29 0 0
233 29.125 0 0
234 29.25 0 0
235 29.375 0 0
236 29.5 0 0
237 29.625 0 0
238 29.75 0 0
239 29.875 0 0
240 30 0 0
241
0 3 0 0 1 
1 3 0 1 2 
2 3 0 2 3 
3 3 0 3 4 
4 3 0 4 5 
5 3 0 5 6 
6 3 0 6 7 
7 3 0 7 8 
8 3 0 8 9 
9 3 0 9 10 
10 3 0 10 11 
11 3 0 11 12 
12 3 0 12 13 
13 3 0 13 14 
14 3 0 14 15 
15 3 0 15 16 
16 3 0 16 17 
17 3 0 17 18 
18 3 0 18 19 
19 3 0 19 20 
20 3 0 20 21 
21 3 0 21 22 
22 3 0 22 23 
23 3 0 23 24 
24 3 0 24 25 
25 3 0 25 26 
26 3 0 26 27 
27 3 0 27 28 
28 3 0 28 29 
29 3 0 29 30 
30 3 0 30 31 
31 3 0 31 32 
32 3 0 32 33 
33 3 0 33 34 
34 3 0 34 35 
35 3 0 35 36 
36 3 0 36 37 
37 3 0 37 38 
38 3 0 38 39 
39 3 0 39 40 
40 3 0 40 41 
41 3 0 41 42 
42 3 0 42 43 
43 3 0 43 44 
44 3 0 44 45 
45 3 0 45 46 
46 3 0 46 47 
47 3 0 47 48 
48 3 0 48 49 
49 3 0 49 50 
50 3 0 50 51 
51 3 0 51 52 
52 3 0 52 53 
53 3 0 53 54 
54 3 0 54 55 
55 3 0 55 56 
56 3 0 56 57 
57 3 0 57 58 
58 3 0 58 59 
59 3 0 59 60 
60 3 0 60 61 
61 3 0 61 62 
62 3 0 62 63 
63 3 0 63 64 
64 3 0 64 65 
65 3 0 65 66 
66 3 0 66 67 
67 3 0 67 68 
68 3 0 68 69 
69 3 0 69 70 
70 3 0 70 71 
71 3 0 71 72 
72 3 0 72 73 
73 3 0 73 74 
74 3 0 74 75 
75 3 0 75 76 
76 3 0 76 77 
77 3 0 77 78 
78 3 0 78 79 
79 3 0 79 80 
80 3 0 80 81 
81 3 0 81 82 
82 3 0 82 83 
83 3 0 83 84 
84 3 0 84 85 
85 3 0 85 86 
86 3 0 86 87 
87 3 0 87 88 
88 3 0 88 89 
89 3 0 89 90 
90 3 0 90 91 
91 3 0 91 92 
92 3 0 92 93 
93 3 0 93 94 
94 3 0 94 95 
95 3 0 95 96 
96 3 0 96 97 
97 3 0 97 98 
98 3 0 98 99 
99 3 0 99 100 
100 3 0 100 101 
101 3 0 101 102 
102 3 0 102 103 
103 3 0 103 104 
104 3 0 104 105 
105 3 0 105 106 
106 3 0 106 107 
107 3 0 107 108 
108 3 0 108 109 
109 3 0 109 110 
110 3 0 110 111 
111 3 0 111 112 
112 3 0 112 113 
113 3 0 113 114 
114 3 0 114 115 
115 3 0 115 116 
116 3 0 116 117 
117 3 0 117 118 
118 3 0 118 119 
119 3 0 119 120 
120 3 0 120 121 
121 3 0 121 122 
122 3 0 122 123 
123 3 0 123 124 
124 3 0 124 125 
125 3 0 125 126 
126 3 0 126 127 
127 3 0 127 128 
128 3 0 128 129 
129 3 0 129 130 
130 3 0 130 131 
131 3 0 131 132 
132 3 0 132 133 
133 3 0 133 134 
134 3 0 134 135 
135 3 0 135 136 
136 3 0 136 137 
137 3 0 137 138 
138 3 0 138 139 
139 3 0 139 140 
140 3 0 140 141 
141 3 0 141 142 
142 3 0 142 143 
143 3 0 143 144 
144 3 0 144 145 
145 3 0 145 146 
146 3 0 146 147 
147 3 0 147 148 
148 3 0 148 149 
149 3 0 149 150 
150 3 0 150 151 
151 3 0 151 152 
152 3 0 152 153 
153 3 0 153 154 
154 3 0 154 155 
155 3 0 155 156 
156 3 0 156 157 
157 3 0 157 158 
158 3 0 158 159 
159 3 0 159 160 
160 3 0 160 161 
161 3 0 161 162 
162 3 0 162 163 
163 3 0 163 164 
164 3 0 164 165 
165 3 0 165 166 
166 3 0 166 167 
167 3 0 167 168 
168 3 0 168 169 
169 3 0 169 170 
170 3 0 170 171 
171 3 0 171 172 
172 3 0 172 173 
173 3 0 173 174 
174 3 0 174 175 
175 3 0 175 176 
176 3 0 176 177 
177 3 0 177 178 
178 3 0 178 179 
179 3 0 179 180 
180 3 0 180 181 
181 3 0 181 182 
182 3 0 182 183 
183 3 0 183 184 
184 3 0 184 185 
185 3 0 185 186 
186 3 0 186 187 
187 3 0 187 188 
188 3 0 188 189 
189 3 0 189 190 
190 3 0 190 191 
191 3 0 191 192 
192 3 0 192 193 
193 3 0 193 194 
194 3 0 194 195 
195 3 0 195 196 
196 3 0 196 197 
197 3 0 197 198 
198 3 0 198 199 
199 3 0 199 200 
200 3 0 200 201 
201 3 0 201 202 
202 3 0 202 203 
203 3 0 203 204 
204 3 0 204 205 
205 3 0 205 206 
206 3 0 206 207 
207 3 0 207 208 
208 3 0 208 209 
209 3 0 209 210 
210 3 0 210 211 
211 3 0 211 212 
212 3 0 212 213 
213 3 0 213 214 
214 3 0 214 215 
215 3 0 215 216 
216 3 0 216 217 
217 3 0 217 218 
218 3 0 218 219 
219 3 0 219 220 
220 3 0 220 221 
221 3 0 221 222 
222 3 0 222 223 
223 3 0 223 224 
224 3 0 224 225 
225 3 0 225 226 
226 3 0 226 227 
227 3 0 227 228 
228 3 0 228 229 
229 3 0 229 230 
230 3 0 230 231 
231 3 0 231 232 
232 3 0 232 233 
233 3 0 233 234 
234 3 0 234 235 
235 3 0 235 236 
236 3 0 236 237 
237 3 0 237 238 
238 3 0 238 239 
239 3 0 239 240 
240 6 0 
1 240 
2 0 
3 1 
4 2 
5 3 
6 4 
7 5 
8 6 
9 7 
10 8 
11 9 
12 10 
13 11 
14 12 
15 13 
16 14 
17 15 
18 16 
19 17 
20 18 
21 19 
22 20 
23 21 
24 22 
25 23 
26 24 
27 25 
28 26 
29 27 
30 28 
31 29 
32 30 
33 31 
34 32 
35 33 
36 34 
37 35 
38 36 
39 37 
40 38 
41 39 
42 40 
43 41 
44 42 
45 43 
46 44 
47 45 
48 46 
49 47 
50 48 
51 49 
52 50 
53 51 
54 52 
55 53 
56 54 
57 55 
58 56 
59 57 
60 58 
61 59 
62 60 
63 61 
64 62 
65 63 
66 64 
67 65 
68 66 
69 67 
70 68 
71 69 
72 70 
73 71 
74 72 
75 73 
76 74 
77 75 
78 76 
79 77 
80 78 
81 79 
82 80 
83 81 
84 82 
85 83 
86 84 
87 85 
88 86 
89 87 
90 88 
91 89 
92 90 
93 91 
94 92 
95 93 
96 94 
97 95 
98 96 
99 97 
100 98 
101 99 
102 100 
103 101 
104 102 
105 103 
106 104 
107 105 
108 106 
109 107 
110 108 
111 109 
112 110 
113 111 
114 112 
115 113 
116 114 
117 115 
118 116 
119 117 
120 118 
121 119 
122 120 
123 121 
124 122 
125 123 
126 124 
127 125 
128 126 
129 127 
130 128 
131 129 
132 130 
133 131 
134 132 
135 133 
136 134 
137 135 
138 136 
139 137 
140 138 
141 139 
142 140 
143 141 
144 142 
145 143 
146 144 
147 145 
148 146 
149 147 
150 148 
151 149 
152 150 
153 151 
154 152 
155 153 
156 154 
157 155 
158 156 
159 157 
160 158 
161 159 
162 160 
163 161 
164 162 
165 163 
166 164 
167 165 
168 166 
169 167 
170 168 
171 169 
172 170 
173 171 
174 172 
175 173 
176 174 
177 175 
178 176 
179 177 
180 178 
181 179 
182 180 
183 181 
184 182 
185 183 
186 184 
187 185 
188 186 
189 187 
190 188 
191 189 
192 190 
193 191 
194 192 
195 193 
196 194 
197 195 
198 196 
199 197 
200 198 
201 199 
202 200 
203 201 
204 202 
205 203 
206 204 
207 205 
208 206 
209 207 
210 208 
211 209 
212 210 
213 211 
214 212 
215 213 
216 214 
217 215 
218 216 
219 217 
220 218 
221 219 
222 220 
223 221 
224 222 
225 223 
226 224 
227 225 
228 226 
229 227 
230 228 
231 229 
232 230 
233 231 
234 232 
235 233 
236 234 
237 235 
238 236 
239 237 
240 238 

