41
0 0 0 0
1 0.75 0 0
2 1.5 0 0
3 2.25 0 0
4 3 0 0
5 3.75 0 0
6 4.5 0 0
7 5.25 0 0
8 6 0 0
9 6.75 0 0
10 7.5 0 0
11 8.25 0 0
12 9 0 0
13 9.75 0 0
14 10.5 0 0
15 11.25 0 0
16 12 0 0
17 12.75 0 0
18 13.5 0 0
19 14.25 0 0
20 15 0 0
21 15.75 0 0
22 16.5 0 0
23 17.25 0 0
24 18 0 0
25 18.75 0 0
26 19.5 0 0
27 20.25 0 0
28 21 0 0
29 21.75 0 0
30 22.5 0 0
31 23.25 0 0
32 24 0 0
33 24.75 0 0
34 25.5 0 0
35 26.25 0 0
36 27 0 0
37 27.75 0 0
38 28.5 0 0
39 29.25 0 0
40 30 0 0
41
0 3 0 0 1 
1 3 0 1 2 
2 3 0 2 3 
3 3 0 3 4 
4 3 0 4 5 
5 3 0 5 6 
6 3 0 6 7 
7 3 0 7 8 
8 3 0 8 9 
9 3 0 9 10 
10 3 0 10 11 
11 3 0 11 12 
12 3 0 12 13 
13 3 0 13 14 
14 3 0 14 15 
15 3 0 15 16 
16 3 0 16 17 
17 3 0 17 18 
18 3 0 18 19 
19 3 0 19 20 
20 3 0 20 21 
21 3 0 21 22 
22 3 0 22 23 
23 3 0 23 24 
24 3 0 24 25 
25 3 0 25 26 
26 3 0 26 27 
27 3 0 27 28 
28 3 0 28 29 
29 3 0 29 30 
30 3 0 30 31 
31 3 0 31 32 
32 3 0 32 33 
33 3 0 33 34 
34 3 0 34 35 
35 3 0 35 36 
36 3 0 36 37 
37 3 0 37 38 
38 3 0 38 39 
39 3 0 39 40 
40 6 0 
1 40 
2 0 
3 1 
4 2 
5 3 
6 4 
7 5 
8 6 
9 7 
10 8 
11 9 
12 10 
13 11 
14 12 
15 13 
16 14 
17 15 
18 16 
19 17 
20 18 
21 19 
22 20 
23 21 
24 22 
25 23 
26 24 
27 25 
28 26 
29 27 
30 28 
31 29 
32 30 
33 31 
34 32 
35 33 
36 34 
37 35 
38 36 
39 37 
40 38 

