51
0 0 0 0
1 0.6 0 0
2 1.2 0 0
3 1.8 0 0
4 2.4 0 0
5 3 0 0
6 3.6 0 0
7 4.2 0 0
8 4.8 0 0
9 5.4 0 0
10 6 0 0
11 6.6 0 0
12 7.2 0 0
13 7.8 0 0
14 8.4 0 0
15 9 0 0
16 9.6 0 0
17 10.2 0 0
18 10.8 0 0
19 11.4 0 0
20 12 0 0
21 12.6 0 0
22 13.2 0 0
23 13.8 0 0
24 14.4 0 0
25 15 0 0
26 15.6 0 0
27 16.2 0 0
28 16.8 0 0
29 17.4 0 0
30 18 0 0
31 18.6 0 0
32 19.2 0 0
33 19.8 0 0
34 20.4 0 0
35 21 0 0
36 21.6 0 0
37 22.2 0 0
38 22.8 0 0
39 23.4 0 0
40 24 0 0
41 24.6 0 0
42 25.2 0 0
43 25.8 0 0
44 26.4 0 0
45 27 0 0
46 27.6 0 0
47 28.2 0 0
48 28.8 0 0
49 29.4 0 0
50 30 0 0
51
0 3 0 0 1 
1 3 0 1 2 
2 3 0 2 3 
3 3 0 3 4 
4 3 0 4 5 
5 3 0 5 6 
6 3 0 6 7 
7 3 0 7 8 
8 3 0 8 9 
9 3 0 9 10 
10 3 0 10 11 
11 3 0 11 12 
12 3 0 12 13 
13 3 0 13 14 
14 3 0 14 15 
15 3 0 15 16 
16 3 0 16 17 
17 3 0 17 18 
18 3 0 18 19 
19 3 0 19 20 
20 3 0 20 21 
21 3 0 21 22 
22 3 0 22 23 
23 3 0 23 24 
24 3 0 24 25 
25 3 0 25 26 
26 3 0 26 27 
27 3 0 27 28 
28 3 0 28 29 
29 3 0 29 30 
30 3 0 30 31 
31 3 0 31 32 
32 3 0 32 33 
33 3 0 33 34 
34 3 0 34 35 
35 3 0 35 36 
36 3 0 36 37 
37 3 0 37 38 
38 3 0 38 39 
39 3 0 39 40 
40 3 0 40 41 
41 3 0 41 42 
42 3 0 42 43 
43 3 0 43 44 
44 3 0 44 45 
45 3 0 45 46 
46 3 0 46 47 
47 3 0 47 48 
48 3 0 48 49 
49 3 0 49 50 
50 6 0 
1 50 
2 0 
3 1 
4 2 
5 3 
6 4 
7 5 
8 6 
9 7 
10 8 
11 9 
12 10 
13 11 
14 12 
15 13 
16 14 
17 15 
18 16 
19 17 
20 18 
21 19 
22 20 
23 21 
24 22 
25 23 
26 24 
27 25 
28 26 
29 27 
30 28 
31 29 
32 30 
33 31 
34 32 
35 33 
36 34 
37 35 
38 36 
39 37 
40 38 
41 39 
42 40 
43 41 
44 42 
45 43 
46 44 
47 45 
48 46 
49 47 
50 48 

